{
 "best_sm": [
  3.0875379,
  3.2720652,
  3.0731528,
  2.7326579,
  2.3011898,
  1.8366235,
  1.4272184,
  1.0154558,
  0.6622899,
  0.346467,
  0.1283759,
  0.0267134,
  0.0013349
 ],
 "theory_cov": [
  [
   0.028944081988769,
   0.029237143014344,
   0.026361392516605,
   0.02785591372058,
   0.022825937074246,
   0.019455309385331,
   0.014026997407464,
   0.009597726711491,
   0.007120731593574,
   0.00338384097385,
   0.001092026484691,
   0.000281843852649,
   1.37997540881426e-05
  ],
  [
   0.029237143014344,
   0.029533171305033,
   0.026628303615375,
   0.028137956959901,
   0.023057051418494,
   0.019652295868563,
   0.014169021820178,
   0.009694904422443,
   0.007192829541074,
   0.003418102620378,
   0.001103083335679,
   0.000284697543036,
   1.39394776450111e-05
  ],
  [
   0.026361392516605,
   0.026628303615375,
   0.024009157232354,
   0.025370321842711,
   0.020789171582882,
   0.017719306054955,
   0.012775364049585,
   0.008741318560627,
   0.006485346490396,
   0.003081899787323,
   0.000994584620532,
   0.000256694837686,
   1.25683977225916e-05
  ],
  [
   0.02785591372058,
   0.028137956959901,
   0.025370321842711,
   0.026808655721383,
   0.021967783741709,
   0.01872387660646,
   0.013499644925437,
   0.009236895034113,
   0.006853023874621,
   0.003256623659659,
   0.001050971163982,
   0.000271247782021,
   1.32809449404433e-05
  ],
  [
   0.022825937074246,
   0.023057051418494,
   0.020789171582882,
   0.021967783741709,
   0.018001033977157,
   0.015342883148337,
   0.011061997415832,
   0.007568977522152,
   0.005615564913774,
   0.002668571114756,
   0.000861196006584,
   0.000222268235967,
   1.08827883564674e-05
  ],
  [
   0.019455309385331,
   0.019652295868563,
   0.017719306054955,
   0.01872387660646,
   0.015342883148337,
   0.013077252317963,
   0.009428510270782,
   0.00645129262142,
   0.004786333740232,
   0.002274512388493,
   0.000734026151697,
   0.000189446649363,
   9.27576439738106e-06
  ],
  [
   0.014026997407464,
   0.014169021820178,
   0.012775364049585,
   0.013499644925437,
   0.011061997415832,
   0.009428510270782,
   0.006797819890966,
   0.004651288914669,
   0.003450877579779,
   0.001639890620331,
   0.000529222266423,
   0.000136588301262,
   6.68769231973338e-06
  ],
  [
   0.009597726711491,
   0.009694904422443,
   0.008741318560627,
   0.009236895034113,
   0.007568977522152,
   0.00645129262142,
   0.004651288914669,
   0.003182562779646,
   0.002361202398733,
   0.00112206636627,
   0.000362111044525,
   9.34581471297588e-05,
   4.5759360575047e-06
  ],
  [
   0.007120731593574,
   0.007192829541074,
   0.006485346490396,
   0.006853023874621,
   0.005615564913774,
   0.004786333740232,
   0.003450877579779,
   0.002361202398733,
   0.001751819886615,
   0.00083248186415,
   0.000268656905186,
   6.93383340606056e-05,
   3.3949718964009e-06
  ],
  [
   0.00338384097385,
   0.003418102620378,
   0.003081899787323,
   0.003256623659659,
   0.002668571114756,
   0.002274512388493,
   0.001639890620331,
   0.00112206636627,
   0.00083248186415,
   0.000395603486086,
   0.000127668376729,
   3.29502513568287e-05,
   1.61332369534582e-06
  ],
  [
   0.001092026484691,
   0.001103083335679,
   0.000994584620532,
   0.001050971163982,
   0.000861196006584,
   0.000734026151697,
   0.000529222266423,
   0.000362111044525,
   0.000268656905186,
   0.000127668376729,
   4.12008867211003e-05,
   1.06336401258022e-05,
   5.20648640793489e-07
  ],
  [
   0.000281843852649,
   0.000284697543036,
   0.000256694837686,
   0.000271247782021,
   0.000222268235967,
   0.000189446649363,
   0.000136588301262,
   9.34581471297588e-05,
   6.93383340606056e-05,
   3.29502513568287e-05,
   1.06336401258022e-05,
   2.74446283378558e-06,
   1.34375512732609e-07
  ],
  [
   1.37997540881426e-05,
   1.39394776450111e-05,
   1.25683977225916e-05,
   1.32809449404433e-05,
   1.08827883564674e-05,
   9.27576439738106e-06,
   6.68769231973338e-06,
   4.5759360575047e-06,
   3.3949718964009e-06,
   1.61332369534582e-06,
   5.20648640793489e-07,
   1.34375512732609e-07,
   6.57934886195742e-09
  ]
 ],
 "LO": {
  "SM": [
   2.1025,
   2.288,
   2.211,
   1.97866666667,
   1.676,
   1.36933333333,
   1.0845,
   0.8012,
   0.537428571429,
   0.299333333333,
   0.1217,
   0.0303090909091,
   0.00210666666667
  ],
  "OW": [
   0.004633,
   0.008354,
   0.01107,
   0.0128266666667,
   0.0135533333333,
   0.01308,
   0.01189,
   0.010124,
   0.00796857142857,
   0.00538166666667,
   0.003039,
   0.00121727272727,
   0.000176
  ],
  "OW*OW": [
   0.000281,
   0.0004954,
   0.000676,
   0.000864,
   0.00103733333333,
   0.00116066666667,
   0.0012335,
   0.0012764,
   0.00127485714286,
   0.00122666666667,
   0.001086,
   0.000813181818182,
   0.000322888888889
  ],
  "OB": [
   0.0008045,
   0.001145,
   0.001406,
   0.00155,
   0.00173866666667,
   0.00170733333333,
   0.0015555,
   0.0014132,
   0.00118142857143,
   0.000880166666667,
   0.0005502,
   0.000253545454545,
   4.36111111111e-05
  ],
  "OB*OB": [
   4.789e-05,
   9.04e-05,
   0.0001323,
   0.0001754,
   0.000239133333333,
   0.0002854,
   0.0003114,
   0.00035164,
   0.000381714285714,
   0.000394666666667,
   0.0003832,
   0.000317954545455,
   0.000136333333333
  ],
  "OWWW": [
   -0.009105,
   -0.00597,
   -0.002495,
   0.001268,
   0.00389133333333,
   0.006344,
   0.006005,
   0.005344,
   0.00363142857143,
   0.00206,
   0.000659,
   0.000143590909091,
   -9.75555555556e-06
  ],
  "OWWW*OWWW": [
   0.00666,
   0.01212,
   0.01721,
   0.02432,
   0.03318,
   0.0420133333333,
   0.05065,
   0.05956,
   0.0678571428571,
   0.07475,
   0.07143,
   0.0557727272727,
   0.0199777777778
  ],
  "OW*OB": [
   -4.234e-05,
   -6.864e-05,
   -9.174e-05,
   -8.84666666667e-05,
   -8.95333333333e-05,
   -0.0001008,
   -5.64e-05,
   -5.044e-05,
   -2.41057142857e-05,
   -3.36666666667e-06,
   7.073e-06,
   5.85454545455e-05,
   3.42333333333e-05
  ],
  "OW*OWWW": [
   0.00018275,
   0.0007074,
   0.001237,
   0.00182466666667,
   0.00229333333333,
   0.00252066666667,
   0.0025515,
   0.0023988,
   0.00207828571429,
   0.00155133333333,
   0.0009172,
   0.000352318181818,
   3.06666666667e-05
  ],
  "OB*OWWW": [
   1.439e-05,
   -7.754e-06,
   -2.511e-05,
   -3.626e-05,
   -3.988e-05,
   -3.98066666667e-05,
   -3.1985e-05,
   -1.8268e-05,
   -1.62342857143e-05,
   -9.24e-06,
   -3.13e-06,
   -1.77681818182e-06,
   -1.41777777778e-06
  ]
 },
 "NLO": {
  "SM": [
   2.473,
   2.692,
   2.59,
   2.32333333333,
   1.936,
   1.57866666667,
   1.231,
   0.8904,
   0.584,
   0.3095,
   0.1179,
   0.02505,
   0.00127
  ],
  "OW": [
   0.0040645,
   0.00746,
   0.01002,
   0.0115866666667,
   0.0120666666667,
   0.0115266666667,
   0.01034,
   0.00858,
   0.00650285714286,
   0.00415,
   0.00209,
   0.000670909090909,
   5.63e-05
  ],
  "OW*OW": [
   0.00028765,
   0.0004904,
   0.00065,
   0.00082,
   0.000945333333333,
   0.00102866666667,
   0.0010545,
   0.0010408,
   0.000978,
   0.0008485,
   0.0006494,
   0.0003745,
   6.75222222222e-05
  ],
  "OB": [
   0.000818,
   0.00109,
   0.001301,
   0.00143933333333,
   0.001516,
   0.00146466666667,
   0.001333,
   0.0011652,
   0.000929428571429,
   0.0006525,
   0.0003662,
   0.000134090909091,
   1.28777777778e-05
  ],
  "OB*OB": [
   4.806e-05,
   8.516e-05,
   0.0001193,
   0.000159066666667,
   0.000201,
   0.0002314,
   0.0002557,
   0.00027152,
   0.000275742857143,
   0.000261333333333,
   0.000219,
   0.000138363636364,
   2.64e-05
  ],
  "OWWW": [
   -0.01211,
   -0.01127,
   -0.0083,
   -0.00564,
   -0.00349933333333,
   -0.002506,
   -0.001419,
   -0.0016848,
   -0.00139171428571,
   -0.00146516666667,
   -0.001277,
   -0.000684090909091,
   -0.000113888888889
  ],
  "OWWW*OWWW": [
   0.006835,
   0.01178,
   0.01637,
   0.02296,
   0.03012,
   0.0366266666667,
   0.04237,
   0.04716,
   0.0496,
   0.0475333333333,
   0.03826,
   0.0217409090909,
   0.00345555555556
  ],
  "OW*OB": [
   -4.6485e-05,
   -7.432e-05,
   -8.838e-05,
   -0.0001014,
   -9.6e-05,
   -9.78666666667e-05,
   -8.095e-05,
   -6.024e-05,
   -3.82857142857e-05,
   -1.38216666667e-05,
   8.236e-06,
   1.62909090909e-05,
   3.86222222222e-06
  ],
  "OW*OWWW": [
   0.0002009,
   0.0007984,
   0.001269,
   0.00167066666667,
   0.00213466666667,
   0.00223333333333,
   0.0022205,
   0.0020172,
   0.00167057142857,
   0.00116216666667,
   0.0006099,
   0.000199909090909,
   1.14555555556e-05
  ],
  "OB*OWWW": [
   2.2665e-05,
   -3.186e-05,
   -6.664e-06,
   -3.216e-05,
   -1.33533333333e-05,
   -1.856e-05,
   -3.986e-05,
   -2.4112e-05,
   -9.69428571429e-06,
   -5.165e-07,
   -2.096e-06,
   -5.59090909091e-06,
   -2.90444444444e-06
  ]
 }
}