{
  "best_sm": [
    2.744,
    2.738,
    2.733,
    2.712,
    2.695,
    2.653,
    2.578,
    2.371,
    1.992,
    1.53,
    1.011,
    0.4888,
    1.008,
    1.006,
    1.006,
    0.9982,
    0.9892,
    0.956,
    0.8879,
    0.7822,
    0.65,
    0.4917,
    0.3178,
    0.1461,
    0.4695,
    0.4683,
    0.4673,
    0.4613,
    0.4462,
    0.422,
    0.3866,
    0.3364,
    0.2739,
    0.199,
    0.1209,
    0.05122,
    0.1413,
    0.1373,
    0.1256,
    0.09861,
    0.05549,
    0.01492,
    0.02867,
    0.02714,
    0.02254,
    0.014,
    0.004885,
    0.0005245
  ],
  "scales": [
    -1.0,
    -1.0,
    -1.0,
    -1.0,
    -1.0,
    -1.0,
    -1.0,
    -1.0,
    -1.0,
    -1.0,
    -1.0,
    -1.0,
    -1.0,
    -1.0,
    -1.0,
    -1.0,
    -1.0,
    -1.0,
    -1.0,
    -1.0,
    -1.0,
    -1.0,
    -1.0,
    -1.0,
    -1.0,
    -1.0,
    -1.0,
    -1.0,
    -1.0,
    -1.0,
    -1.0,
    -1.0,
    -1.0,
    -1.0,
    -1.0,
    -1.0,
    -1.0,
    -1.0,
    -1.0,
    -1.0,
    -1.0,
    -1.0,
    -1.0,
    -1.0,
    -1.0,
    -1.0,
    -1.0,
    -1.0
  ],
  "theory_cov": [
    [
      0.0001455,
      0.0001424,
      0.0001363,
      0.0001267,
      0.0001161,
      0.0001041,
      9.33e-05,
      8.139e-05,
      6.679e-05,
      5.183e-05,
      3.416e-05,
      1.591e-05,
      6.574e-05,
      6.354e-05,
      5.967e-05,
      5.457e-05,
      4.946e-05,
      4.421e-05,
      3.893e-05,
      3.34e-05,
      2.755e-05,
      2.036e-05,
      1.232e-05,
      5.018e-06,
      3.414e-05,
      3.325e-05,
      3.177e-05,
      2.978e-05,
      2.754e-05,
      2.508e-05,
      2.247e-05,
      1.892e-05,
      1.46e-05,
      9.591e-06,
      5.1e-06,
      1.871e-06,
      1.078e-05,
      1.081e-05,
      1.004e-05,
      7.248e-06,
      3.351e-06,
      7.088e-07,
      2.555e-06,
      2.427e-06,
      1.952e-06,
      1.121e-06,
      3.356e-07,
      2.198e-08
    ],
    [
      0.0001424,
      0.00014,
      0.0001349,
      0.0001266,
      0.000117,
      0.0001057,
      9.502e-05,
      8.279e-05,
      6.761e-05,
      5.219e-05,
      3.428e-05,
      1.595e-05,
      6.467e-05,
      6.272e-05,
      5.926e-05,
      5.459e-05,
      4.984e-05,
      4.478e-05,
      3.95e-05,
      3.386e-05,
      2.788e-05,
      2.059e-05,
      1.244e-05,
      5.062e-06,
      3.386e-05,
      3.301e-05,
      3.161e-05,
      2.972e-05,
      2.757e-05,
      2.518e-05,
      2.262e-05,
      1.91e-05,
      1.478e-05,
      9.723e-06,
      5.172e-06,
      1.894e-06,
      1.076e-05,
      1.076e-05,
      1.001e-05,
      7.267e-06,
      3.38e-06,
      7.161e-07,
      2.555e-06,
      2.423e-06,
      1.946e-06,
      1.117e-06,
      3.352e-07,
      2.212e-08
    ],
    [
      0.0001363,
      0.0001349,
      0.0001316,
      0.0001255,
      0.000118,
      0.0001081,
      9.804e-05,
      8.542e-05,
      6.92e-05,
      5.282e-05,
      3.442e-05,
      1.595e-05,
      6.211e-05,
      6.064e-05,
      5.798e-05,
      5.421e-05,
      5.021e-05,
      4.56e-05,
      4.039e-05,
      3.456e-05,
      2.833e-05,
      2.084e-05,
      1.258e-05,
      5.116e-06,
      3.292e-05,
      3.22e-05,
      3.1e-05,
      2.935e-05,
      2.741e-05,
      2.517e-05,
      2.27e-05,
      1.925e-05,
      1.495e-05,
      9.872e-06,
      5.26e-06,
      1.922e-06,
      1.062e-05,
      1.055e-05,
      9.825e-06,
      7.215e-06,
      3.397e-06,
      7.218e-07,
      2.526e-06,
      2.386e-06,
      1.91e-06,
      1.095e-06,
      3.299e-07,
      2.197e-08
    ],
    [
      0.0001267,
      0.0001266,
      0.0001255,
      0.0001223,
      0.0001177,
      0.0001102,
      0.0001014,
      8.872e-05,
      7.119e-05,
      5.335e-05,
      3.418e-05,
      1.571e-05,
      5.774e-05,
      5.696e-05,
      5.546e-05,
      5.305e-05,
      5.025e-05,
      4.643e-05,
      4.138e-05,
      3.528e-05,
      2.864e-05,
      2.088e-05,
      1.256e-05,
      5.12e-06,
      3.107e-05,
      3.059e-05,
      2.979e-05,
      2.859e-05,
      2.7e-05,
      2.497e-05,
      2.259e-05,
      1.918e-05,
      1.494e-05,
      9.918e-06,
      5.314e-06,
      1.943e-06,
      1.028e-05,
      1.015e-05,
      9.444e-06,
      7.037e-06,
      3.375e-06,
      7.199e-07,
      2.463e-06,
      2.304e-06,
      1.832e-06,
      1.051e-06,
      3.179e-07,
      2.137e-08
    ],
    [
      0.0001161,
      0.000117,
      0.000118,
      0.0001177,
      0.0001164,
      0.000112,
      0.0001054,
      9.31e-05,
      7.421e-05,
      5.444e-05,
      3.402e-05,
      1.542e-05,
      5.262e-05,
      5.26e-05,
      5.242e-05,
      5.161e-05,
      5.033e-05,
      4.756e-05,
      4.281e-05,
      3.634e-05,
      2.908e-05,
      2.091e-05,
      1.251e-05,
      5.138e-06,
      2.88e-05,
      2.865e-05,
      2.843e-05,
      2.785e-05,
      2.674e-05,
      2.494e-05,
      2.256e-05,
      1.91e-05,
      1.488e-05,
      9.953e-06,
      5.391e-06,
      1.984e-06,
      9.935e-06,
      9.745e-06,
      9.034e-06,
      6.829e-06,
      3.358e-06,
      7.213e-07,
      2.421e-06,
      2.224e-06,
      1.751e-06,
      1.006e-06,
      3.056e-07,
      2.083e-08
    ],
    [
      0.0001041,
      0.0001057,
      0.0001081,
      0.0001102,
      0.000112,
      0.000111,
      0.0001074,
      9.667e-05,
      7.725e-05,
      5.574e-05,
      3.396e-05,
      1.512e-05,
      4.62e-05,
      4.687e-05,
      4.795e-05,
      4.878e-05,
      4.918e-05,
      4.777e-05,
      4.367e-05,
      3.711e-05,
      2.934e-05,
      2.078e-05,
      1.236e-05,
      5.131e-06,
      2.547e-05,
      2.573e-05,
      2.62e-05,
      2.642e-05,
      2.597e-05,
      2.454e-05,
      2.224e-05,
      1.875e-05,
      1.46e-05,
      9.849e-06,
      5.419e-06,
      2.021e-06,
      9.2e-06,
      9.067e-06,
      8.433e-06,
      6.491e-06,
      3.294e-06,
      7.179e-07,
      2.301e-06,
      2.067e-06,
      1.614e-06,
      9.396e-07,
      2.89e-07,
      2.016e-08
    ],
    [
      9.33e-05,
      9.502e-05,
      9.804e-05,
      0.0001014,
      0.0001054,
      0.0001074,
      0.0001072,
      9.892e-05,
      8.037e-05,
      5.802e-05,
      3.495e-05,
      1.536e-05,
      4.017e-05,
      4.126e-05,
      4.318e-05,
      4.524e-05,
      4.709e-05,
      4.715e-05,
      4.41e-05,
      3.795e-05,
      3.002e-05,
      2.114e-05,
      1.255e-05,
      5.269e-06,
      2.192e-05,
      2.256e-05,
      2.367e-05,
      2.47e-05,
      2.501e-05,
      2.412e-05,
      2.207e-05,
      1.865e-05,
      1.455e-05,
      9.916e-06,
      5.558e-06,
      2.116e-06,
      8.228e-06,
      8.321e-06,
      7.913e-06,
      6.236e-06,
      3.283e-06,
      7.375e-07,
      2.143e-06,
      1.885e-06,
      1.471e-06,
      8.83e-07,
      2.81e-07,
      2.069e-08
    ],
    [
      8.139e-05,
      8.279e-05,
      8.542e-05,
      8.872e-05,
      9.31e-05,
      9.667e-05,
      9.892e-05,
      9.404e-05,
      7.88e-05,
      5.824e-05,
      3.561e-05,
      1.569e-05,
      3.385e-05,
      3.491e-05,
      3.69e-05,
      3.929e-05,
      4.181e-05,
      4.302e-05,
      4.138e-05,
      3.657e-05,
      2.951e-05,
      2.103e-05,
      1.255e-05,
      5.3e-06,
      1.787e-05,
      1.866e-05,
      2.007e-05,
      2.158e-05,
      2.253e-05,
      2.233e-05,
      2.085e-05,
      1.785e-05,
      1.404e-05,
      9.649e-06,
      5.481e-06,
      2.127e-06,
      6.772e-06,
      7.205e-06,
      7.177e-06,
      5.796e-06,
      3.135e-06,
      7.33e-07,
      1.867e-06,
      1.627e-06,
      1.278e-06,
      7.979e-07,
      2.667e-07,
      2.093e-08
    ],
    [
      6.679e-05,
      6.761e-05,
      6.92e-05,
      7.119e-05,
      7.421e-05,
      7.725e-05,
      8.037e-05,
      7.88e-05,
      6.921e-05,
      5.385e-05,
      3.457e-05,
      1.563e-05,
      2.728e-05,
      2.789e-05,
      2.916e-05,
      3.088e-05,
      3.304e-05,
      3.474e-05,
      3.459e-05,
      3.2e-05,
      2.706e-05,
      2.001e-05,
      1.216e-05,
      5.142e-06,
      1.363e-05,
      1.428e-05,
      1.551e-05,
      1.701e-05,
      1.83e-05,
      1.884e-05,
      1.83e-05,
      1.621e-05,
      1.3e-05,
      9.018e-06,
      5.149e-06,
      2.026e-06,
      4.903e-06,
      5.718e-06,
      6.229e-06,
      5.212e-06,
      2.86e-06,
      7.013e-07,
      1.453e-06,
      1.301e-06,
      1.06e-06,
      6.975e-07,
      2.492e-07,
      2.102e-08
    ],
    [
      5.183e-05,
      5.219e-05,
      5.282e-05,
      5.335e-05,
      5.444e-05,
      5.574e-05,
      5.802e-05,
      5.824e-05,
      5.385e-05,
      4.473e-05,
      3.063e-05,
      1.444e-05,
      2.152e-05,
      2.161e-05,
      2.194e-05,
      2.253e-05,
      2.366e-05,
      2.502e-05,
      2.567e-05,
      2.501e-05,
      2.244e-05,
      1.746e-05,
      1.091e-05,
      4.611e-06,
      1.041e-05,
      1.073e-05,
      1.143e-05,
      1.243e-05,
      1.355e-05,
      1.443e-05,
      1.465e-05,
      1.354e-05,
      1.115e-05,
      7.791e-06,
      4.43e-06,
      1.749e-06,
      3.443e-06,
      4.36e-06,
      5.162e-06,
      4.429e-06,
      2.409e-06,
      6.116e-07,
      1.111e-06,
      1.047e-06,
      8.784e-07,
      5.869e-07,
      2.185e-07,
      1.926e-08
    ],
    [
      3.416e-05,
      3.428e-05,
      3.442e-05,
      3.418e-05,
      3.402e-05,
      3.396e-05,
      3.495e-05,
      3.561e-05,
      3.457e-05,
      3.063e-05,
      2.25e-05,
      1.115e-05,
      1.449e-05,
      1.43e-05,
      1.409e-05,
      1.395e-05,
      1.423e-05,
      1.498e-05,
      1.575e-05,
      1.618e-05,
      1.545e-05,
      1.271e-05,
      8.252e-06,
      3.541e-06,
      6.82e-06,
      6.885e-06,
      7.114e-06,
      7.591e-06,
      8.314e-06,
      9.141e-06,
      9.73e-06,
      9.437e-06,
      8.063e-06,
      5.732e-06,
      3.268e-06,
      1.293e-06,
      2.001e-06,
      2.749e-06,
      3.561e-06,
      3.185e-06,
      1.731e-06,
      4.505e-07,
      6.814e-07,
      7.002e-07,
      6.224e-07,
      4.215e-07,
      1.613e-07,
      1.473e-08
    ],
    [
      1.591e-05,
      1.595e-05,
      1.595e-05,
      1.571e-05,
      1.542e-05,
      1.512e-05,
      1.536e-05,
      1.569e-05,
      1.563e-05,
      1.444e-05,
      1.115e-05,
      5.792e-06,
      6.87e-06,
      6.724e-06,
      6.519e-06,
      6.306e-06,
      6.274e-06,
      6.527e-06,
      6.917e-06,
      7.32e-06,
      7.292e-06,
      6.278e-06,
      4.24e-06,
      1.875e-06,
      3.221e-06,
      3.205e-06,
      3.231e-06,
      3.372e-06,
      3.663e-06,
      4.083e-06,
      4.476e-06,
      4.503e-06,
      3.982e-06,
      2.907e-06,
      1.683e-06,
      6.698e-07,
      8.799e-07,
      1.241e-06,
      1.692e-06,
      1.578e-06,
      8.681e-07,
      2.277e-07,
      3.066e-07,
      3.388e-07,
      3.163e-07,
      2.131e-07,
      8.119e-08,
      7.576e-09
    ],
    [
      6.574e-05,
      6.467e-05,
      6.211e-05,
      5.774e-05,
      5.262e-05,
      4.62e-05,
      4.017e-05,
      3.385e-05,
      2.728e-05,
      2.152e-05,
      1.449e-05,
      6.87e-06,
      3.588e-05,
      3.459e-05,
      3.217e-05,
      2.893e-05,
      2.558e-05,
      2.214e-05,
      1.894e-05,
      1.59e-05,
      1.303e-05,
      9.664e-06,
      5.834e-06,
      2.339e-06,
      2.11e-05,
      2.037e-05,
      1.911e-05,
      1.747e-05,
      1.566e-05,
      1.383e-05,
      1.212e-05,
      1.006e-05,
      7.704e-06,
      4.985e-06,
      2.595e-06,
      9.314e-07,
      7.292e-06,
      7.001e-06,
      6.187e-06,
      4.302e-06,
      1.916e-06,
      3.897e-07,
      1.783e-06,
      1.701e-06,
      1.353e-06,
      7.468e-07,
      2.137e-07,
      1.494e-08
    ],
    [
      6.354e-05,
      6.272e-05,
      6.064e-05,
      5.696e-05,
      5.26e-05,
      4.687e-05,
      4.126e-05,
      3.491e-05,
      2.789e-05,
      2.161e-05,
      1.43e-05,
      6.724e-06,
      3.459e-05,
      3.352e-05,
      3.149e-05,
      2.87e-05,
      2.576e-05,
      2.257e-05,
      1.941e-05,
      1.621e-05,
      1.314e-05,
      9.645e-06,
      5.793e-06,
      2.326e-06,
      2.045e-05,
      1.983e-05,
      1.875e-05,
      1.731e-05,
      1.565e-05,
      1.389e-05,
      1.217e-05,
      1.009e-05,
      7.715e-06,
      5.002e-06,
      2.611e-06,
      9.371e-07,
      7.172e-06,
      6.88e-06,
      6.084e-06,
      4.263e-06,
      1.919e-06,
      3.901e-07,
      1.762e-06,
      1.672e-06,
      1.326e-06,
      7.342e-07,
      2.107e-07,
      1.48e-08
    ],
    [
      5.967e-05,
      5.926e-05,
      5.798e-05,
      5.546e-05,
      5.242e-05,
      4.795e-05,
      4.318e-05,
      3.69e-05,
      2.916e-05,
      2.194e-05,
      1.409e-05,
      6.519e-06,
      3.217e-05,
      3.149e-05,
      3.013e-05,
      2.815e-05,
      2.596e-05,
      2.329e-05,
      2.023e-05,
      1.682e-05,
      1.341e-05,
      9.674e-06,
      5.761e-06,
      2.321e-06,
      1.914e-05,
      1.872e-05,
      1.799e-05,
      1.693e-05,
      1.557e-05,
      1.397e-05,
      1.228e-05,
      1.016e-05,
      7.764e-06,
      5.059e-06,
      2.66e-06,
      9.563e-07,
      6.867e-06,
      6.604e-06,
      5.879e-06,
      4.194e-06,
      1.932e-06,
      3.941e-07,
      1.7e-06,
      1.599e-06,
      1.268e-06,
      7.092e-07,
      2.057e-07,
      1.466e-08
    ],
    [
      5.457e-05,
      5.459e-05,
      5.421e-05,
      5.305e-05,
      5.161e-05,
      4.878e-05,
      4.524e-05,
      3.929e-05,
      3.088e-05,
      2.253e-05,
      1.395e-05,
      6.306e-06,
      2.893e-05,
      2.87e-05,
      2.815e-05,
      2.717e-05,
      2.595e-05,
      2.399e-05,
      2.118e-05,
      1.76e-05,
      1.38e-05,
      9.763e-06,
      5.753e-06,
      2.331e-06,
      1.729e-05,
      1.714e-05,
      1.685e-05,
      1.631e-05,
      1.538e-05,
      1.403e-05,
      1.24e-05,
      1.025e-05,
      7.834e-06,
      5.143e-06,
      2.736e-06,
      9.894e-07,
      6.394e-06,
      6.204e-06,
      5.599e-06,
      4.099e-06,
      1.951e-06,
      4.024e-07,
      1.607e-06,
      1.492e-06,
      1.185e-06,
      6.754e-07,
      1.999e-07,
      1.464e-08
    ],
    [
      4.946e-05,
      4.984e-05,
      5.021e-05,
      5.025e-05,
      5.033e-05,
      4.918e-05,
      4.709e-05,
      4.181e-05,
      3.304e-05,
      2.366e-05,
      1.423e-05,
      6.274e-06,
      2.558e-05,
      2.576e-05,
      2.596e-05,
      2.595e-05,
      2.573e-05,
      2.461e-05,
      2.22e-05,
      1.858e-05,
      1.445e-05,
      1.008e-05,
      5.89e-06,
      2.403e-06,
      1.525e-05,
      1.537e-05,
      1.555e-05,
      1.556e-05,
      1.514e-05,
      1.412e-05,
      1.262e-05,
      1.046e-05,
      8.023e-06,
      5.32e-06,
      2.874e-06,
      1.052e-06,
      5.814e-06,
      5.758e-06,
      5.33e-06,
      4.033e-06,
      1.997e-06,
      4.212e-07,
      1.495e-06,
      1.37e-06,
      1.095e-06,
      6.433e-07,
      1.968e-07,
      1.505e-08
    ],
    [
      4.421e-05,
      4.478e-05,
      4.56e-05,
      4.643e-05,
      4.756e-05,
      4.777e-05,
      4.715e-05,
      4.302e-05,
      3.474e-05,
      2.502e-05,
      1.498e-05,
      6.527e-06,
      2.214e-05,
      2.257e-05,
      2.329e-05,
      2.399e-05,
      2.461e-05,
      2.435e-05,
      2.26e-05,
      1.933e-05,
      1.518e-05,
      1.062e-05,
      6.206e-06,
      2.551e-06,
      1.291e-05,
      1.325e-05,
      1.383e-05,
      1.438e-05,
      1.449e-05,
      1.394e-05,
      1.272e-05,
      1.07e-05,
      8.285e-06,
      5.568e-06,
      3.06e-06,
      1.14e-06,
      4.988e-06,
      5.16e-06,
      5.023e-06,
      3.97e-06,
      2.054e-06,
      4.5e-07,
      1.323e-06,
      1.206e-06,
      9.846e-07,
      6.082e-07,
      1.963e-07,
      1.597e-08
    ],
    [
      3.893e-05,
      3.95e-05,
      4.039e-05,
      4.138e-05,
      4.281e-05,
      4.367e-05,
      4.41e-05,
      4.138e-05,
      3.459e-05,
      2.567e-05,
      1.575e-05,
      6.917e-06,
      1.894e-05,
      1.941e-05,
      2.023e-05,
      2.118e-05,
      2.22e-05,
      2.26e-05,
      2.162e-05,
      1.909e-05,
      1.543e-05,
      1.101e-05,
      6.492e-06,
      2.678e-06,
      1.064e-05,
      1.106e-05,
      1.183e-05,
      1.268e-05,
      1.322e-05,
      1.315e-05,
      1.235e-05,
      1.063e-05,
      8.354e-06,
      5.681e-06,
      3.158e-06,
      1.196e-06,
      4.058e-06,
      4.473e-06,
      4.655e-06,
      3.831e-06,
      2.046e-06,
      4.678e-07,
      1.128e-06,
      1.035e-06,
      8.681e-07,
      5.65e-07,
      1.932e-07,
      1.667e-08
    ],
    [
      3.34e-05,
      3.386e-05,
      3.456e-05,
      3.528e-05,
      3.634e-05,
      3.711e-05,
      3.795e-05,
      3.657e-05,
      3.2e-05,
      2.501e-05,
      1.618e-05,
      7.32e-06,
      1.59e-05,
      1.621e-05,
      1.682e-05,
      1.76e-05,
      1.858e-05,
      1.933e-05,
      1.909e-05,
      1.762e-05,
      1.49e-05,
      1.106e-05,
      6.657e-06,
      2.758e-06,
      8.441e-06,
      8.821e-06,
      9.545e-06,
      1.046e-05,
      1.124e-05,
      1.162e-05,
      1.135e-05,
      1.011e-05,
      8.134e-06,
      5.605e-06,
      3.141e-06,
      1.205e-06,
      3.022e-06,
      3.653e-06,
      4.166e-06,
      3.587e-06,
      1.959e-06,
      4.681e-07,
      8.869e-07,
      8.427e-07,
      7.414e-07,
      5.101e-07,
      1.853e-07,
      1.684e-08
    ],
    [
      2.755e-05,
      2.788e-05,
      2.833e-05,
      2.864e-05,
      2.908e-05,
      2.934e-05,
      3.002e-05,
      2.951e-05,
      2.706e-05,
      2.244e-05,
      1.545e-05,
      7.292e-06,
      1.303e-05,
      1.314e-05,
      1.341e-05,
      1.38e-05,
      1.445e-05,
      1.518e-05,
      1.543e-05,
      1.49e-05,
      1.329e-05,
      1.032e-05,
      6.401e-06,
      2.675e-06,
      6.565e-06,
      6.819e-06,
      7.341e-06,
      8.093e-06,
      8.879e-06,
      9.501e-06,
      9.666e-06,
      8.952e-06,
      7.407e-06,
      5.178e-06,
      2.917e-06,
      1.128e-06,
      2.126e-06,
      2.834e-06,
      3.543e-06,
      3.178e-06,
      1.756e-06,
      4.347e-07,
      6.609e-07,
      6.669e-07,
      6.181e-07,
      4.413e-07,
      1.675e-07,
      1.579e-08
    ],
    [
      2.036e-05,
      2.059e-05,
      2.084e-05,
      2.088e-05,
      2.091e-05,
      2.078e-05,
      2.114e-05,
      2.103e-05,
      2.001e-05,
      1.746e-05,
      1.271e-05,
      6.278e-06,
      9.664e-06,
      9.645e-06,
      9.674e-06,
      9.763e-06,
      1.008e-05,
      1.062e-05,
      1.101e-05,
      1.106e-05,
      1.032e-05,
      8.389e-06,
      5.384e-06,
      2.296e-06,
      4.685e-06,
      4.819e-06,
      5.125e-06,
      5.631e-06,
      6.248e-06,
      6.87e-06,
      7.242e-06,
      6.959e-06,
      5.934e-06,
      4.234e-06,
      2.411e-06,
      9.405e-07,
      1.36e-06,
      1.976e-06,
      2.678e-06,
      2.508e-06,
      1.405e-06,
      3.565e-07,
      4.403e-07,
      4.808e-07,
      4.732e-07,
      3.462e-07,
      1.349e-07,
      1.305e-08
    ],
    [
      1.232e-05,
      1.244e-05,
      1.258e-05,
      1.256e-05,
      1.251e-05,
      1.236e-05,
      1.255e-05,
      1.255e-05,
      1.216e-05,
      1.091e-05,
      8.252e-06,
      4.24e-06,
      5.834e-06,
      5.793e-06,
      5.761e-06,
      5.753e-06,
      5.89e-06,
      6.206e-06,
      6.492e-06,
      6.657e-06,
      6.401e-06,
      5.384e-06,
      3.58e-06,
      1.58e-06,
      2.769e-06,
      2.831e-06,
      2.986e-06,
      3.265e-06,
      3.635e-06,
      4.052e-06,
      4.365e-06,
      4.308e-06,
      3.78e-06,
      2.77e-06,
      1.611e-06,
      6.373e-07,
      7.491e-07,
      1.14e-06,
      1.626e-06,
      1.588e-06,
      9.112e-07,
      2.347e-07,
      2.483e-07,
      2.903e-07,
      3.014e-07,
      2.232e-07,
      8.733e-08,
      8.613e-09
    ],
    [
      5.018e-06,
      5.062e-06,
      5.116e-06,
      5.12e-06,
      5.138e-06,
      5.131e-06,
      5.269e-06,
      5.3e-06,
      5.142e-06,
      4.611e-06,
      3.541e-06,
      1.875e-06,
      2.339e-06,
      2.326e-06,
      2.321e-06,
      2.331e-06,
      2.403e-06,
      2.551e-06,
      2.678e-06,
      2.758e-06,
      2.675e-06,
      2.296e-06,
      1.58e-06,
      7.311e-07,
      1.081e-06,
      1.111e-06,
      1.182e-06,
      1.304e-06,
      1.461e-06,
      1.638e-06,
      1.779e-06,
      1.783e-06,
      1.605e-06,
      1.219e-06,
      7.37e-07,
      2.997e-07,
      2.793e-07,
      4.413e-07,
      6.54e-07,
      6.718e-07,
      4.053e-07,
      1.063e-07,
      9.252e-08,
      1.156e-07,
      1.291e-07,
      9.868e-08,
      3.854e-08,
      3.891e-09
    ],
    [
      3.414e-05,
      3.386e-05,
      3.292e-05,
      3.107e-05,
      2.88e-05,
      2.547e-05,
      2.192e-05,
      1.787e-05,
      1.363e-05,
      1.041e-05,
      6.82e-06,
      3.221e-06,
      2.11e-05,
      2.045e-05,
      1.914e-05,
      1.729e-05,
      1.525e-05,
      1.291e-05,
      1.064e-05,
      8.441e-06,
      6.565e-06,
      4.685e-06,
      2.769e-06,
      1.081e-06,
      1.396e-05,
      1.344e-05,
      1.251e-05,
      1.124e-05,
      9.773e-06,
      8.244e-06,
      6.868e-06,
      5.438e-06,
      4.011e-06,
      2.488e-06,
      1.237e-06,
      4.226e-07,
      5.462e-06,
      4.911e-06,
      3.939e-06,
      2.509e-06,
      1.026e-06,
      1.882e-07,
      1.411e-06,
      1.295e-06,
      9.646e-07,
      4.852e-07,
      1.243e-07,
      7.955e-09
    ],
    [
      3.325e-05,
      3.301e-05,
      3.22e-05,
      3.059e-05,
      2.865e-05,
      2.573e-05,
      2.256e-05,
      1.866e-05,
      1.428e-05,
      1.073e-05,
      6.885e-06,
      3.205e-06,
      2.037e-05,
      1.983e-05,
      1.872e-05,
      1.714e-05,
      1.537e-05,
      1.325e-05,
      1.106e-05,
      8.821e-06,
      6.819e-06,
      4.819e-06,
      2.831e-06,
      1.111e-06,
      1.344e-05,
      1.301e-05,
      1.223e-05,
      1.114e-05,
      9.831e-06,
      8.398e-06,
      7.046e-06,
      5.594e-06,
      4.135e-06,
      2.585e-06,
      1.3e-06,
      4.484e-07,
      5.299e-06,
      4.808e-06,
      3.907e-06,
      2.536e-06,
      1.064e-06,
      1.986e-07,
      1.377e-06,
      1.26e-06,
      9.441e-07,
      4.825e-07,
      1.261e-07,
      8.303e-09
    ],
    [
      3.177e-05,
      3.161e-05,
      3.1e-05,
      2.979e-05,
      2.843e-05,
      2.62e-05,
      2.367e-05,
      2.007e-05,
      1.551e-05,
      1.143e-05,
      7.114e-06,
      3.231e-06,
      1.911e-05,
      1.875e-05,
      1.799e-05,
      1.685e-05,
      1.555e-05,
      1.383e-05,
      1.183e-05,
      9.545e-06,
      7.341e-06,
      5.125e-06,
      2.986e-06,
      1.182e-06,
      1.251e-05,
      1.223e-05,
      1.172e-05,
      1.095e-05,
      9.923e-06,
      8.678e-06,
      7.388e-06,
      5.91e-06,
      4.394e-06,
      2.786e-06,
      1.43e-06,
      5.012e-07,
      4.984e-06,
      4.612e-06,
      3.856e-06,
      2.595e-06,
      1.139e-06,
      2.197e-07,
      1.31e-06,
      1.195e-06,
      9.058e-07,
      4.78e-07,
      1.3e-07,
      9.024e-09
    ],
    [
      2.978e-05,
      2.972e-05,
      2.935e-05,
      2.859e-05,
      2.785e-05,
      2.642e-05,
      2.47e-05,
      2.158e-05,
      1.701e-05,
      1.243e-05,
      7.591e-06,
      3.372e-06,
      1.747e-05,
      1.731e-05,
      1.693e-05,
      1.631e-05,
      1.556e-05,
      1.438e-05,
      1.268e-05,
      1.046e-05,
      8.093e-06,
      5.631e-06,
      3.265e-06,
      1.304e-06,
      1.124e-05,
      1.114e-05,
      1.095e-05,
      1.059e-05,
      9.94e-06,
      8.984e-06,
      7.832e-06,
      6.364e-06,
      4.787e-06,
      3.091e-06,
      1.623e-06,
      5.807e-07,
      4.51e-06,
      4.32e-06,
      3.79e-06,
      2.685e-06,
      1.246e-06,
      2.515e-07,
      1.206e-06,
      1.1e-06,
      8.528e-07,
      4.728e-07,
      1.363e-07,
      1.016e-08
    ],
    [
      2.754e-05,
      2.757e-05,
      2.741e-05,
      2.7e-05,
      2.674e-05,
      2.597e-05,
      2.501e-05,
      2.253e-05,
      1.83e-05,
      1.355e-05,
      8.314e-06,
      3.663e-06,
      1.566e-05,
      1.565e-05,
      1.557e-05,
      1.538e-05,
      1.514e-05,
      1.449e-05,
      1.322e-05,
      1.124e-05,
      8.879e-06,
      6.248e-06,
      3.635e-06,
      1.461e-06,
      9.773e-06,
      9.831e-06,
      9.923e-06,
      9.94e-06,
      9.701e-06,
      9.107e-06,
      8.189e-06,
      6.813e-06,
      5.211e-06,
      3.426e-06,
      1.833e-06,
      6.68e-07,
      3.894e-06,
      3.927e-06,
      3.682e-06,
      2.763e-06,
      1.351e-06,
      2.862e-07,
      1.067e-06,
      9.807e-07,
      7.849e-07,
      4.62e-07,
      1.425e-07,
      1.143e-08
    ],
    [
      2.508e-05,
      2.518e-05,
      2.517e-05,
      2.497e-05,
      2.494e-05,
      2.454e-05,
      2.412e-05,
      2.233e-05,
      1.884e-05,
      1.443e-05,
      9.141e-06,
      4.083e-06,
      1.383e-05,
      1.389e-05,
      1.397e-05,
      1.403e-05,
      1.412e-05,
      1.394e-05,
      1.315e-05,
      1.162e-05,
      9.501e-06,
      6.87e-06,
      4.052e-06,
      1.638e-06,
      8.244e-06,
      8.398e-06,
      8.678e-06,
      8.984e-06,
      9.107e-06,
      8.906e-06,
      8.314e-06,
      7.14e-06,
      5.586e-06,
      3.739e-06,
      2.029e-06,
      7.515e-07,
      3.175e-06,
      3.439e-06,
      3.514e-06,
      2.803e-06,
      1.432e-06,
      3.184e-07,
      8.955e-07,
      8.419e-07,
      7.06e-07,
      4.444e-07,
      1.472e-07,
      1.262e-08
    ],
    [
      2.247e-05,
      2.262e-05,
      2.27e-05,
      2.259e-05,
      2.256e-05,
      2.224e-05,
      2.207e-05,
      2.085e-05,
      1.83e-05,
      1.465e-05,
      9.73e-06,
      4.476e-06,
      1.212e-05,
      1.217e-05,
      1.228e-05,
      1.24e-05,
      1.262e-05,
      1.272e-05,
      1.235e-05,
      1.135e-05,
      9.666e-06,
      7.242e-06,
      4.365e-06,
      1.779e-06,
      6.868e-06,
      7.046e-06,
      7.388e-06,
      7.832e-06,
      8.189e-06,
      8.314e-06,
      8.059e-06,
      7.163e-06,
      5.746e-06,
      3.912e-06,
      2.145e-06,
      8.032e-07,
      2.493e-06,
      2.93e-06,
      3.274e-06,
      2.76e-06,
      1.454e-06,
      3.363e-07,
      7.268e-07,
      7.107e-07,
      6.286e-07,
      4.192e-07,
      1.472e-07,
      1.326e-08
    ],
    [
      1.892e-05,
      1.91e-05,
      1.925e-05,
      1.918e-05,
      1.91e-05,
      1.875e-05,
      1.865e-05,
      1.785e-05,
      1.621e-05,
      1.354e-05,
      9.437e-06,
      4.503e-06,
      1.006e-05,
      1.009e-05,
      1.016e-05,
      1.025e-05,
      1.046e-05,
      1.07e-05,
      1.063e-05,
      1.011e-05,
      8.952e-06,
      6.959e-06,
      4.308e-06,
      1.783e-06,
      5.438e-06,
      5.594e-06,
      5.91e-06,
      6.364e-06,
      6.813e-06,
      7.14e-06,
      7.163e-06,
      6.582e-06,
      5.42e-06,
      3.759e-06,
      2.084e-06,
      7.876e-07,
      1.827e-06,
      2.334e-06,
      2.842e-06,
      2.521e-06,
      1.362e-06,
      3.244e-07,
      5.488e-07,
      5.673e-07,
      5.328e-07,
      3.721e-07,
      1.363e-07,
      1.274e-08
    ],
    [
      1.46e-05,
      1.478e-05,
      1.495e-05,
      1.494e-05,
      1.488e-05,
      1.46e-05,
      1.455e-05,
      1.404e-05,
      1.3e-05,
      1.115e-05,
      8.063e-06,
      3.982e-06,
      7.704e-06,
      7.715e-06,
      7.764e-06,
      7.834e-06,
      8.023e-06,
      8.285e-06,
      8.354e-06,
      8.134e-06,
      7.407e-06,
      5.934e-06,
      3.78e-06,
      1.605e-06,
      4.011e-06,
      4.135e-06,
      4.394e-06,
      4.787e-06,
      5.211e-06,
      5.586e-06,
      5.746e-06,
      5.42e-06,
      4.576e-06,
      3.245e-06,
      1.832e-06,
      7.016e-07,
      1.253e-06,
      1.718e-06,
      2.243e-06,
      2.085e-06,
      1.158e-06,
      2.822e-07,
      3.84e-07,
      4.22e-07,
      4.214e-07,
      3.054e-07,
      1.149e-07,
      1.105e-08
    ],
    [
      9.591e-06,
      9.723e-06,
      9.872e-06,
      9.918e-06,
      9.953e-06,
      9.849e-06,
      9.916e-06,
      9.649e-06,
      9.018e-06,
      7.791e-06,
      5.732e-06,
      2.907e-06,
      4.985e-06,
      5.002e-06,
      5.059e-06,
      5.143e-06,
      5.32e-06,
      5.568e-06,
      5.681e-06,
      5.605e-06,
      5.178e-06,
      4.234e-06,
      2.77e-06,
      1.219e-06,
      2.488e-06,
      2.585e-06,
      2.786e-06,
      3.091e-06,
      3.426e-06,
      3.739e-06,
      3.912e-06,
      3.759e-06,
      3.245e-06,
      2.366e-06,
      1.374e-06,
      5.374e-07,
      7.212e-07,
      1.069e-06,
      1.488e-06,
      1.456e-06,
      8.426e-07,
      2.098e-07,
      2.215e-07,
      2.617e-07,
      2.833e-07,
      2.151e-07,
      8.259e-08,
      8.167e-09
    ],
    [
      5.1e-06,
      5.172e-06,
      5.26e-06,
      5.314e-06,
      5.391e-06,
      5.419e-06,
      5.558e-06,
      5.481e-06,
      5.149e-06,
      4.43e-06,
      3.268e-06,
      1.683e-06,
      2.595e-06,
      2.611e-06,
      2.66e-06,
      2.736e-06,
      2.874e-06,
      3.06e-06,
      3.158e-06,
      3.141e-06,
      2.917e-06,
      2.411e-06,
      1.611e-06,
      7.37e-07,
      1.237e-06,
      1.3e-06,
      1.43e-06,
      1.623e-06,
      1.833e-06,
      2.029e-06,
      2.145e-06,
      2.084e-06,
      1.832e-06,
      1.374e-06,
      8.259e-07,
      3.338e-07,
      3.347e-07,
      5.376e-07,
      7.897e-07,
      8.1e-07,
      4.937e-07,
      1.269e-07,
      1.032e-07,
      1.306e-07,
      1.537e-07,
      1.233e-07,
      4.835e-08,
      4.917e-09
    ],
    [
      1.871e-06,
      1.894e-06,
      1.922e-06,
      1.943e-06,
      1.984e-06,
      2.021e-06,
      2.116e-06,
      2.127e-06,
      2.026e-06,
      1.749e-06,
      1.293e-06,
      6.698e-07,
      9.314e-07,
      9.371e-07,
      9.563e-07,
      9.894e-07,
      1.052e-06,
      1.14e-06,
      1.196e-06,
      1.205e-06,
      1.128e-06,
      9.405e-07,
      6.373e-07,
      2.997e-07,
      4.226e-07,
      4.484e-07,
      5.012e-07,
      5.807e-07,
      6.68e-07,
      7.515e-07,
      8.032e-07,
      7.876e-07,
      7.016e-07,
      5.374e-07,
      3.338e-07,
      1.405e-07,
      1.061e-07,
      1.865e-07,
      2.869e-07,
      3.045e-07,
      1.955e-07,
      5.312e-08,
      3.406e-08,
      4.519e-08,
      5.675e-08,
      4.841e-08,
      1.976e-08,
      2.076e-09
    ],
    [
      1.078e-05,
      1.076e-05,
      1.062e-05,
      1.028e-05,
      9.935e-06,
      9.2e-06,
      8.228e-06,
      6.772e-06,
      4.903e-06,
      3.443e-06,
      2.001e-06,
      8.799e-07,
      7.292e-06,
      7.172e-06,
      6.867e-06,
      6.394e-06,
      5.814e-06,
      4.988e-06,
      4.058e-06,
      3.022e-06,
      2.126e-06,
      1.36e-06,
      7.491e-07,
      2.793e-07,
      5.462e-06,
      5.299e-06,
      4.984e-06,
      4.51e-06,
      3.894e-06,
      3.175e-06,
      2.493e-06,
      1.827e-06,
      1.253e-06,
      7.212e-07,
      3.347e-07,
      1.061e-07,
      2.49e-06,
      2.129e-06,
      1.546e-06,
      8.83e-07,
      3.254e-07,
      5.132e-08,
      7.038e-07,
      6.081e-07,
      4.167e-07,
      1.899e-07,
      4.304e-08,
      2.409e-09
    ],
    [
      1.081e-05,
      1.076e-05,
      1.055e-05,
      1.015e-05,
      9.745e-06,
      9.067e-06,
      8.321e-06,
      7.205e-06,
      5.718e-06,
      4.36e-06,
      2.749e-06,
      1.241e-06,
      7.001e-06,
      6.88e-06,
      6.604e-06,
      6.204e-06,
      5.758e-06,
      5.16e-06,
      4.473e-06,
      3.653e-06,
      2.834e-06,
      1.976e-06,
      1.14e-06,
      4.413e-07,
      4.911e-06,
      4.808e-06,
      4.612e-06,
      4.32e-06,
      3.927e-06,
      3.439e-06,
      2.93e-06,
      2.334e-06,
      1.718e-06,
      1.069e-06,
      5.376e-07,
      1.865e-07,
      2.129e-06,
      1.957e-06,
      1.609e-06,
      1.05e-06,
      4.467e-07,
      8.575e-08,
      6.107e-07,
      5.441e-07,
      3.97e-07,
      2.019e-07,
      5.384e-08,
      3.803e-09
    ],
    [
      1.004e-05,
      1.001e-05,
      9.825e-06,
      9.444e-06,
      9.034e-06,
      8.433e-06,
      7.913e-06,
      7.177e-06,
      6.229e-06,
      5.162e-06,
      3.561e-06,
      1.692e-06,
      6.187e-06,
      6.084e-06,
      5.879e-06,
      5.599e-06,
      5.33e-06,
      5.023e-06,
      4.655e-06,
      4.166e-06,
      3.543e-06,
      2.678e-06,
      1.626e-06,
      6.54e-07,
      3.939e-06,
      3.907e-06,
      3.856e-06,
      3.79e-06,
      3.682e-06,
      3.514e-06,
      3.274e-06,
      2.842e-06,
      2.243e-06,
      1.488e-06,
      7.897e-07,
      2.869e-07,
      1.546e-06,
      1.609e-06,
      1.584e-06,
      1.212e-06,
      5.843e-07,
      1.269e-07,
      4.512e-07,
      4.315e-07,
      3.529e-07,
      2.074e-07,
      6.498e-08,
      5.414e-09
    ],
    [
      7.248e-06,
      7.267e-06,
      7.215e-06,
      7.037e-06,
      6.829e-06,
      6.491e-06,
      6.236e-06,
      5.796e-06,
      5.212e-06,
      4.429e-06,
      3.185e-06,
      1.578e-06,
      4.302e-06,
      4.263e-06,
      4.194e-06,
      4.099e-06,
      4.033e-06,
      3.97e-06,
      3.831e-06,
      3.587e-06,
      3.178e-06,
      2.508e-06,
      1.588e-06,
      6.718e-07,
      2.509e-06,
      2.536e-06,
      2.595e-06,
      2.685e-06,
      2.763e-06,
      2.803e-06,
      2.76e-06,
      2.521e-06,
      2.085e-06,
      1.456e-06,
      8.1e-07,
      3.045e-07,
      8.83e-07,
      1.05e-06,
      1.212e-06,
      1.054e-06,
      5.597e-07,
      1.291e-07,
      2.572e-07,
      2.715e-07,
      2.552e-07,
      1.706e-07,
      5.89e-08,
      5.367e-09
    ],
    [
      3.351e-06,
      3.38e-06,
      3.397e-06,
      3.375e-06,
      3.358e-06,
      3.294e-06,
      3.283e-06,
      3.135e-06,
      2.86e-06,
      2.409e-06,
      1.731e-06,
      8.681e-07,
      1.916e-06,
      1.919e-06,
      1.932e-06,
      1.951e-06,
      1.997e-06,
      2.054e-06,
      2.046e-06,
      1.959e-06,
      1.756e-06,
      1.405e-06,
      9.112e-07,
      4.053e-07,
      1.026e-06,
      1.064e-06,
      1.139e-06,
      1.246e-06,
      1.351e-06,
      1.432e-06,
      1.454e-06,
      1.362e-06,
      1.158e-06,
      8.426e-07,
      4.937e-07,
      1.955e-07,
      3.254e-07,
      4.467e-07,
      5.843e-07,
      5.597e-07,
      3.264e-07,
      8.068e-08,
      9.433e-08,
      1.098e-07,
      1.192e-07,
      9.064e-08,
      3.394e-08,
      3.315e-09
    ],
    [
      7.088e-07,
      7.161e-07,
      7.218e-07,
      7.199e-07,
      7.213e-07,
      7.179e-07,
      7.375e-07,
      7.33e-07,
      7.013e-07,
      6.116e-07,
      4.505e-07,
      2.277e-07,
      3.897e-07,
      3.901e-07,
      3.941e-07,
      4.024e-07,
      4.212e-07,
      4.5e-07,
      4.678e-07,
      4.681e-07,
      4.347e-07,
      3.565e-07,
      2.347e-07,
      1.063e-07,
      1.882e-07,
      1.986e-07,
      2.197e-07,
      2.515e-07,
      2.862e-07,
      3.184e-07,
      3.363e-07,
      3.244e-07,
      2.822e-07,
      2.098e-07,
      1.269e-07,
      5.312e-08,
      5.132e-08,
      8.575e-08,
      1.269e-07,
      1.291e-07,
      8.068e-08,
      2.251e-08,
      1.649e-08,
      2.056e-08,
      2.471e-08,
      2.125e-08,
      9.075e-09,
      9.9e-10
    ],
    [
      2.555e-06,
      2.555e-06,
      2.526e-06,
      2.463e-06,
      2.421e-06,
      2.301e-06,
      2.143e-06,
      1.867e-06,
      1.453e-06,
      1.111e-06,
      6.814e-07,
      3.066e-07,
      1.783e-06,
      1.762e-06,
      1.7e-06,
      1.607e-06,
      1.495e-06,
      1.323e-06,
      1.128e-06,
      8.869e-07,
      6.609e-07,
      4.403e-07,
      2.483e-07,
      9.252e-08,
      1.411e-06,
      1.377e-06,
      1.31e-06,
      1.206e-06,
      1.067e-06,
      8.955e-07,
      7.268e-07,
      5.488e-07,
      3.84e-07,
      2.215e-07,
      1.032e-07,
      3.406e-08,
      7.038e-07,
      6.107e-07,
      4.512e-07,
      2.572e-07,
      9.433e-08,
      1.649e-08,
      2.308e-07,
      1.922e-07,
      1.248e-07,
      5.486e-08,
      1.287e-08,
      8.043e-10
    ],
    [
      2.427e-06,
      2.423e-06,
      2.386e-06,
      2.304e-06,
      2.224e-06,
      2.067e-06,
      1.885e-06,
      1.627e-06,
      1.301e-06,
      1.047e-06,
      7.002e-07,
      3.388e-07,
      1.701e-06,
      1.672e-06,
      1.599e-06,
      1.492e-06,
      1.37e-06,
      1.206e-06,
      1.035e-06,
      8.427e-07,
      6.669e-07,
      4.808e-07,
      2.903e-07,
      1.156e-07,
      1.295e-06,
      1.26e-06,
      1.195e-06,
      1.1e-06,
      9.807e-07,
      8.419e-07,
      7.107e-07,
      5.673e-07,
      4.22e-07,
      2.617e-07,
      1.306e-07,
      4.519e-08,
      6.081e-07,
      5.441e-07,
      4.315e-07,
      2.715e-07,
      1.098e-07,
      2.056e-08,
      1.922e-07,
      1.69e-07,
      1.188e-07,
      5.639e-08,
      1.41e-08,
      9.678e-10
    ],
    [
      1.952e-06,
      1.946e-06,
      1.91e-06,
      1.832e-06,
      1.751e-06,
      1.614e-06,
      1.471e-06,
      1.278e-06,
      1.06e-06,
      8.784e-07,
      6.224e-07,
      3.163e-07,
      1.353e-06,
      1.326e-06,
      1.268e-06,
      1.185e-06,
      1.095e-06,
      9.846e-07,
      8.681e-07,
      7.414e-07,
      6.181e-07,
      4.732e-07,
      3.014e-07,
      1.291e-07,
      9.646e-07,
      9.441e-07,
      9.058e-07,
      8.528e-07,
      7.849e-07,
      7.06e-07,
      6.286e-07,
      5.328e-07,
      4.214e-07,
      2.833e-07,
      1.537e-07,
      5.675e-08,
      4.167e-07,
      3.97e-07,
      3.529e-07,
      2.552e-07,
      1.192e-07,
      2.471e-08,
      1.248e-07,
      1.188e-07,
      9.427e-08,
      5.103e-08,
      1.429e-08,
      1.12e-09
    ],
    [
      1.121e-06,
      1.117e-06,
      1.095e-06,
      1.051e-06,
      1.006e-06,
      9.396e-07,
      8.83e-07,
      7.979e-07,
      6.975e-07,
      5.869e-07,
      4.215e-07,
      2.131e-07,
      7.468e-07,
      7.342e-07,
      7.092e-07,
      6.754e-07,
      6.433e-07,
      6.082e-07,
      5.65e-07,
      5.101e-07,
      4.413e-07,
      3.462e-07,
      2.232e-07,
      9.868e-08,
      4.852e-07,
      4.825e-07,
      4.78e-07,
      4.728e-07,
      4.62e-07,
      4.444e-07,
      4.192e-07,
      3.721e-07,
      3.054e-07,
      2.151e-07,
      1.233e-07,
      4.841e-08,
      1.899e-07,
      2.019e-07,
      2.074e-07,
      1.706e-07,
      9.064e-08,
      2.125e-08,
      5.486e-08,
      5.639e-08,
      5.103e-08,
      3.249e-08,
      1.063e-08,
      9.577e-10
    ],
    [
      3.356e-07,
      3.352e-07,
      3.299e-07,
      3.179e-07,
      3.056e-07,
      2.89e-07,
      2.81e-07,
      2.667e-07,
      2.492e-07,
      2.185e-07,
      1.613e-07,
      8.119e-08,
      2.137e-07,
      2.107e-07,
      2.057e-07,
      1.999e-07,
      1.968e-07,
      1.963e-07,
      1.932e-07,
      1.853e-07,
      1.675e-07,
      1.349e-07,
      8.733e-08,
      3.854e-08,
      1.243e-07,
      1.261e-07,
      1.3e-07,
      1.363e-07,
      1.425e-07,
      1.472e-07,
      1.472e-07,
      1.363e-07,
      1.149e-07,
      8.259e-08,
      4.835e-08,
      1.976e-08,
      4.304e-08,
      5.384e-08,
      6.498e-08,
      5.89e-08,
      3.394e-08,
      9.075e-09,
      1.287e-08,
      1.41e-08,
      1.429e-08,
      1.063e-08,
      4.183e-09,
      4.482e-10
    ],
    [
      2.198e-08,
      2.212e-08,
      2.197e-08,
      2.137e-08,
      2.083e-08,
      2.016e-08,
      2.069e-08,
      2.093e-08,
      2.102e-08,
      1.926e-08,
      1.473e-08,
      7.576e-09,
      1.494e-08,
