{
  "best_sm": [
    3.0875379,
    3.2720652,
    3.0731528,
    2.7326579,
    2.3011898,
    1.8366235,
    1.4272184,
    1.0154558,
    0.6622899,
    0.346467,
    0.1283759,
    0.0267134,
    0.0013349
  ],
  "scales": [
    65.0,
    80.0,
    90.0,
    102.5,
    117.5,
    132.5,
    150.0,
    172.5,
    202.5,
    250.0,
    330.0,
    490.0,
    1050.0
  ],
  "theory_cov_current": [
    [
      0.028944081988769,
      0.029237143014344,
      0.026361392516605,
      0.02785591372058,
      0.022825937074246,
      0.019455309385331,
      0.014026997407464,
      0.009597726711491,
      0.007120731593574,
      0.00338384097385,
      0.001092026484691,
      0.000281843852649,
      1.37997540881426e-05
    ],
    [
      0.029237143014344,
      0.029533171305033,
      0.026628303615375,
      0.028137956959901,
      0.023057051418494,
      0.019652295868563,
      0.014169021820178,
      0.009694904422443,
      0.007192829541074,
      0.003418102620378,
      0.001103083335679,
      0.000284697543036,
      1.39394776450111e-05
    ],
    [
      0.026361392516605,
      0.026628303615375,
      0.024009157232354,
      0.025370321842711,
      0.020789171582882,
      0.017719306054955,
      0.012775364049585,
      0.008741318560627,
      0.006485346490396,
      0.003081899787323,
      0.000994584620532,
      0.000256694837686,
      1.25683977225916e-05
    ],
    [
      0.02785591372058,
      0.028137956959901,
      0.025370321842711,
      0.026808655721383,
      0.021967783741709,
      0.01872387660646,
      0.013499644925437,
      0.009236895034113,
      0.006853023874621,
      0.003256623659659,
      0.001050971163982,
      0.000271247782021,
      1.32809449404433e-05
    ],
    [
      0.022825937074246,
      0.023057051418494,
      0.020789171582882,
      0.021967783741709,
      0.018001033977157,
      0.015342883148337,
      0.011061997415832,
      0.007568977522152,
      0.005615564913774,
      0.002668571114756,
      0.000861196006584,
      0.000222268235967,
      1.08827883564674e-05
    ],
    [
      0.019455309385331,
      0.019652295868563,
      0.017719306054955,
      0.01872387660646,
      0.015342883148337,
      0.013077252317963,
      0.009428510270782,
      0.00645129262142,
      0.004786333740232,
      0.002274512388493,
      0.000734026151697,
      0.000189446649363,
      9.27576439738106e-06
    ],
    [
      0.014026997407464,
      0.014169021820178,
      0.012775364049585,
      0.013499644925437,
      0.011061997415832,
      0.009428510270782,
      0.006797819890966,
      0.004651288914669,
      0.003450877579779,
      0.001639890620331,
      0.000529222266423,
      0.000136588301262,
      6.68769231973338e-06
    ],
    [
      0.009597726711491,
      0.009694904422443,
      0.008741318560627,
      0.009236895034113,
      0.007568977522152,
      0.00645129262142,
      0.004651288914669,
      0.003182562779646,
      0.002361202398733,
      0.00112206636627,
      0.000362111044525,
      9.34581471297588e-05,
      4.5759360575047e-06
    ],
    [
      0.007120731593574,
      0.007192829541074,
      0.006485346490396,
      0.006853023874621,
      0.005615564913774,
      0.004786333740232,
      0.003450877579779,
      0.002361202398733,
      0.001751819886615,
      0.00083248186415,
      0.000268656905186,
      6.93383340606056e-05,
      3.3949718964009e-06
    ],
    [
      0.00338384097385,
      0.003418102620378,
      0.003081899787323,
      0.003256623659659,
      0.002668571114756,
      0.002274512388493,
      0.001639890620331,
      0.00112206636627,
      0.00083248186415,
      0.000395603486086,
      0.000127668376729,
      3.29502513568287e-05,
      1.61332369534582e-06
    ],
    [
      0.001092026484691,
      0.001103083335679,
      0.000994584620532,
      0.001050971163982,
      0.000861196006584,
      0.000734026151697,
      0.000529222266423,
      0.000362111044525,
      0.000268656905186,
      0.000127668376729,
      4.12008867211003e-05,
      1.06336401258022e-05,
      5.20648640793489e-07
    ],
    [
      0.000281843852649,
      0.000284697543036,
      0.000256694837686,
      0.000271247782021,
      0.000222268235967,
      0.000189446649363,
      0.000136588301262,
      9.34581471297588e-05,
      6.93383340606056e-05,
      3.29502513568287e-05,
      1.06336401258022e-05,
      2.74446283378558e-06,
      1.34375512732609e-07
    ],
    [
      1.37997540881426e-05,
      1.39394776450111e-05,
      1.25683977225916e-05,
      1.32809449404433e-05,
      1.08827883564674e-05,
      9.27576439738106e-06,
      6.68769231973338e-06,
      4.5759360575047e-06,
      3.3949718964009e-06,
      1.61332369534582e-06,
      5.20648640793489e-07,
      1.34375512732609e-07,
      6.57934886195742e-09
    ]
  ],
  "LO": {
    "SM": [
      2.6417374,
      2.9069778,
      2.8209,
      2.542321067,
      2.148981067,
      1.7756024,
      1.4093842,
      1.0374692,
      0.6942638286,
      0.381909,
      0.154790572,
      0.03721464455,
      0.002494703778
    ],
    "O3pl1": [
      -0.08455868614,
      -0.09423271504,
      -0.09393454962,
      -0.08391756839,
      -0.07187077974,
      -0.06124931185,
      -0.04640001719,
      -0.03562391275,
      -0.02312021432,
      -0.01348287842,
      -0.00565531446,
      -0.00137949054,
      -9.273716109e-05
    ],
    "O3pl2": [
      -0.08758426614,
      -0.09466475504,
      -0.09327666962,
      -0.08469559499,
      -0.07309652644,
      -0.05969591185,
      -0.04782187719,
      -0.03575743275,
      -0.02427279146,
      -0.01388482176,
      -0.00566443366,
      -0.001365864086,
      -9.321249449e-05
    ],
    "O3pl3": [
      -0.06698971253,
      -0.0736670757,
      -0.07108687154,
      -0.06384419952,
      -0.05378878293,
      -0.04428835281,
      -0.03533360652,
      -0.0257383015,
      -0.0171507306,
      -0.009388907118,
      -0.003752048554,
      -0.0008978703393,
      -5.967896349e-05
    ],
    "O3pq": [
      0.2892032148,
      0.3441667858,
      0.3564509308,
      0.3482520696,
      0.3128244357,
      0.2742814564,
      0.2239782209,
      0.175048495,
      0.1261078564,
      0.07642768059,
      0.03774194467,
      0.01277724796,
      0.001559871197
    ],
    "OWWW": [
      -0.011630155,
      -0.009105124,
      -0.004529703,
      0.001153849333,
      0.003959311333,
      0.006228686667,
      0.0064453223,
      0.0058415272,
      0.004721094457,
      0.002572462267,
      0.00107557234,
      0.0001679763909,
      -1.397913222e-05
    ],
    "Oll1221": [
      0.3391346936,
      0.3722192793,
      0.3630260381,
      0.3309154222,
      0.2788201301,
      0.233023359,
      0.1821686607,
      0.1362767872,
      0.09099678089,
      0.0503565613,
      0.02070795551,
      0.0049588332,
      0.0003317179976
    ],
    "OpD": [
      -0.0035641574,
      -0.0055394948,
      -0.0064562788,
      -0.006802644,
      -0.0061647996,
      -0.0051609876,
      -0.0039904683,
      -0.00280084048,
      -0.001735642,
      -0.0008593436667,
      -0.00031411728,
      -6.764931818e-05,
      -3.841847111e-06
    ],
    "OpWB": [
      -0.00017899701,
      -0.00080316918,
      -0.00118360856,
      -0.0014164388,
      -0.0013395824,
      -0.001211761987,
      -0.00089226002,
      -0.00063733816,
      -0.0003779390571,
      -0.0002184897,
      -8.9413052e-05,
      -2.758232636e-05,
      -3.204284e-06
    ],
    "Opdi": [
      -0.0051137249,
      -0.0079879092,
      -0.009572617,
      -0.01046781707,
      -0.01049144227,
      -0.009659714933,
      -0.0084256225,
      -0.00683007768,
      -0.005118120686,
      -0.003286850967,
      -0.00172210306,
      -0.0006292313091,
      -7.919821111e-05
    ],
    "OpqMi": [
      0.016156459,
      0.0184204606,
      0.018158997,
      0.01739725733,
      0.01297914067,
      0.008912363333,
      0.0054694202,
      0.00261062672,
      0.001060041943,
      0.0004679022667,
      0.0006867867,
      0.0007360317455,
      0.0001924688222
    ],
    "Opui": [
      0.010585378,
      0.0167008868,
      0.02025787,
      0.02238307067,
      0.02258532667,
      0.02116920133,
      0.018826338,
      0.0155989376,
      0.01209027486,
      0.008147737,
      0.0045109106,
      0.001786898455,
      0.0002477183556
    ],
    "O3pl1*O3pl1": [
      -0.004737456428,
      -0.005185124747,
      -0.00521566447,
      -0.005099937505,
      -0.003908368616,
      -0.003370161032,
      -0.002449526228,
      -0.001891398265,
      -0.001140435665,
      -0.0006709424823,
      -0.0002660943787,
      -6.279544334e-05,
      -4.043762056e-06
    ],
    "O3pl1*O3pl2": [
      -0.005712786572,
      -0.006150634362,
      -0.00619161819,
      -0.006384069476,
      -0.004624313973,
      -0.004024775799,
      -0.002886218303,
      -0.002221079083,
      -0.00141419039,
      -0.0008584524523,
      -0.0003121717464,
      -7.190633916e-05,
      -4.933506356e-06
    ],
    "O3pl1*O3pl3": [
      -0.0004118588815,
      -0.0004851361773,
      -0.0003513717771,
      -1.545987154e-05,
      -0.0002262531182,
      -0.0001071031894,
      -0.0002062986573,
      -7.826162411e-05,
      -8.602773413e-05,
      -2.669236825e-05,
      -8.621791607e-06,
      -1.947054251e-06,
      -8.409968595e-08
    ],
    "O3pl1*O3pq": [
      0.01683285376,
      0.01886653747,
      0.01942742392,
      0.01953651927,
      0.01552345129,
      0.01356232061,
      0.01039907999,
      0.008088614605,
      0.00528260366,
      0.003040211004,
      0.001354239172,
      0.000430353546,
      3.678915402e-05
    ],
    "O3pl1*OWWW": [
      -0.0004100533987,
      -0.0004556590089,
      -0.0001655168411,
      2.054209104e-05,
      -6.823511863e-05,
      -2.07446921e-05,
      5.493617125e-05,
      0.0001350068111,
      0.0001003024768,
      -5.63178903e-05,
      -3.805502506e-06,
      2.400851014e-05,
      -9.438066186e-06
    ],
    "O3pl1*Oll1221": [
      0.01417295775,
      0.01525420658,
      0.01518102778,
      0.01501720335,
      0.01144262538,
      0.009788885742,
      0.007276166683,
      0.00551125499,
      0.003422939177,
      0.001921539345,
      0.0007664991911,
      0.0001787013196,
      1.167177794e-05
    ],
    "O3pl1*OpD": [
      -9.926558061e-05,
      -0.0001638671344,
      -0.0001899145245,
      -0.0001865389523,
      -0.0001736614753,
      -0.0001433976533,
      -0.0001082693261,
      -7.299460315e-05,
      -4.89280021e-05,
      -2.144358955e-05,
      -7.129205375e-06,
      -1.044083469e-06,
      2.602491778e-07
    ],
    "O3pl1*OpWB": [
      -6.241488733e-06,
      -1.802083437e-05,
      -1.883757627e-05,
      -3.343021847e-05,
      -1.253202575e-05,
      -3.224384219e-05,
      -9.90109707e-06,
      -6.31732306e-06,
      -5.804946969e-06,
      1.244205293e-05,
      9.019500118e-06,
      8.340439565e-07,
      -2.184524566e-07
    ],
    "O3pl1*Opdi": [
      -0.0001041436244,
      -0.0001814623804,
      -0.0003713708743,
      -7.473444049e-05,
      -0.0002424497308,
      -0.000236674544,
      -0.0002012204871,
      -0.0001594204174,
      -0.000197174586,
      -0.000143465216,
      -4.316318667e-05,
      -1.790438505e-05,
      -2.000401702e-06
    ],
    "O3pl1*OpqMi": [
      0.0004950421092,
      0.0003681433711,
      0.0006094562108,
      0.0003969866998,
      0.0003113410188,
      0.0002119668558,
      9.789161629e-05,
      3.149271952e-05,
      1.829422372e-05,
      -3.069677278e-05,
      1.641052233e-05,
      1.139271483e-05,
      7.314874369e-07
    ],
    "O3pl1*Opui": [
      0.0002257134343,
      0.0004400657346,
      0.0007861893482,
      0.0006344019212,
      0.0007641593544,
      0.0003758622865,
      0.0005015095398,
      0.0004567074025,
      0.0003415239134,
      0.0001833476502,
      0.0001360197946,
      5.860576832e-05,
      6.618122036e-06
    ],
    "O3pl2*O3pl2": [
      -0.005009816577,
      -0.00521686979,
      -0.005148133297,
      -0.005177684687,
      -0.004011202663,
      -0.003217924627,
      -0.002588439451,
      -0.001895096365,
      -0.001231320442,
      -0.0007020144023,
      -0.0002655222362,
      -6.007658272e-05,
      -4.149547846e-06
    ],
    "O3pl2*O3pl3": [
      -0.0003351356105,
      -0.0004741876509,
      -0.0003679503978,
      4.078370945e-06,
      -0.0001955727999,
      -0.0001458492101,
      -0.0001706522795,
      -7.494916142e-05,
      -5.755507113e-05,
      -1.681093396e-05,
      -8.400746612e-06,
      -2.275817001e-06,
      -7.272863466e-08
    ],
    "O3pl2*O3pq": [
      0.01740542139,
      0.01886127463,
      0.0192080322,
      0.02003950739,
      0.01573964787,
      0.01319854583,
      0.01072605126,
      0.008079528581,
      0.005415252778,
      0.00302613061,
      0.001390948242,
      0.0004089265155,
      2.896739363e-05
    ],
    "O3pl2*OWWW": [
      -0.0004661044987,
      -0.0004913265889,
      -0.0002321726611,
      -2.514082359e-05,
      0.000110862748,
      -0.0002089246254,
      0.0001902549213,
      7.11922511e-05,
      1.134913968e-05,
      -3.66836803e-05,
      -1.012300651e-05,
      -6.384364403e-06,
      -1.474852031e-06
    ],
    "O3pl2*Oll1221": [
      0.01452599347,
      0.01529058295,
      0.01508755999,
      0.01512389878,
      0.01157170681,
      0.009581448649,
      0.007464780383,
      0.005510479472,
      0.00353359816,
      0.001958998133,
      0.0007647992936,
      0.000174090051,
      1.185336322e-05
    ],
    "O3pl2*OpD": [
      -8.980260061e-05,
      -0.0001471720144,
      -0.0001800445645,
      -0.0001844993256,
      -0.0001741100353,
      -0.00014104244,
      -0.0001093494961,
      -7.066534715e-05,
      -4.49877335e-05,
      -2.360648622e-05,
      -6.129461975e-06,
      3.182218034e-07,
      7.73294e-08
    ],
    "O3pl2*OpWB": [
      -3.957219633e-06,
      -4.934409437e-05,
      -4.134020427e-05,
      -2.098318914e-05,
      -3.460068038e-05,
      -2.995615152e-05,
      3.98357093e-06,
      -1.441870706e-05,
      3.397276461e-06,
      3.512972267e-06,
      2.758291518e-06,
      -6.090584065e-07,
      -1.953377678e-07
    ],
    "O3pl2*Opdi": [
      -7.528942441e-05,
      -0.0003767907404,
      -0.0002860598943,
      -0.0002298267472,
      -0.0002244887708,
      -0.0003388291707,
      -0.0002864793271,
      -0.0001863993614,
      -0.0002001447517,
      -0.000144887176,
      -4.602825267e-05,
      -1.790185141e-05,
      -1.214192368e-06
    ],
    "O3pl2*OpqMi": [
      0.0005012141792,
      0.0006388032711,
      0.0003273499708,
      0.0005929882865,
      0.0003710251521,
      0.0001214554958,
      0.0002022582463,
      0.0001041262155,
      -0.0001260823877,
      -8.777955281e-05,
      3.954864233e-05,
      5.683183919e-06,
      6.375558106e-06
    ],
    "O3pl2*Opui": [
      0.0004634920743,
      0.0003814202546,
      0.0005144074682,
      0.0007094928012,
      0.0006996169014,
      0.0004534013535,
      0.0006026723398,
      0.0004041598025,
      0.0002952600848,
      0.0001425811502,
      0.0001347328946,
      5.694042286e-05,
      2.989450706e-06
    ],
    "O3pl3*O3pl3": [
      -0.0005259822462,
      -0.000570137469,
      -0.0005629040804,
      -0.0005538755835,
      -0.0004350532942,
      -0.0003648067556,
      -0.00027946715,
      -0.0002120239575,
      -0.0001398824092,
      -7.736588463e-05,
      -3.119608058e-05,
      -7.464064509e-06,
      -5.077964149e-07
    ],
    "O3pl3*O3pq": [
      0.0005292598271,
      3.167847048e-05,
      -0.0006283278968,
      -0.00178876927,
      -0.001563186893,
      -0.001737384783,
      -0.001431315442,
      -0.001356057667,
      -0.001097500206,
      -0.0007770444388,
      -0.0004700987169,
      -0.0002012237589,
      -3.026723734e-05
    ],
    "O3pl3*OWWW": [
      0.0002949198282,
      0.0002307371797,
      0.0001141488232,
      -2.897611477e-05,
      -9.910116991e-05,
      -0.0001553603851,
      -0.0001615858061,
      -0.0001449209175,
      -0.0001166274489,
      -6.324179134e-05,
      -2.6071353e-05,
      -4.052733028e-06,
      3.344124977e-07
    ],
    "O3pl3*Oll1221": [
      -0.004733242195,
      -0.005100555739,
      -0.005037375376,
      -0.005027833947,
      -0.003909205642,
      -0.003326751927,
      -0.002500142212,
      -0.001921030067,
      -0.001254459085,
      -0.0006961715305,
      -0.0002821223165,
      -6.656930778e-05,
      -4.458127427e-06
    ],
    "O3pl3*OpD": [
      9.038062589e-05,
      0.0001403789127,
      0.0001626986641,
      0.0001708318302,
      0.0001543043224,
      0.0001287290667,
      0.000100042016,
      6.948531747e-05,
      4.287639243e-05,
      2.11262313e-05,
      7.61405085e-06,
      1.632161666e-06,
      9.190568254e-08
    ],
    "O3pl3*OpWB": [
      4.539042467e-06,
      2.035348353e-05,
      2.982701608e-05,
      3.557040947e-05,
      3.352961459e-05,
      3.022463948e-05,
      2.236917688e-05,
      1.581155539e-05,
      9.336408848e-06,
      5.371382972e-06,
      2.167329109e-06,
      6.65473311e-07,
      7.66537292e-08
    ],
    "O3pl3*Opdi": [
      0.0001296748727,
      0.0002024253201,
      0.0002412305984,
      0.0002628737221,
      0.0002625997593,
      0.0002409395612,
      0.0002112324163,
      0.0001694456073,
      0.0001264353772,
      8.080442839e-05,
      4.174294476e-05,
      1.518133885e-05,
      1.89460055e-06
    ],
    "O3pl3*OpqMi": [
      -0.0004096987626,
      -0.0004668014546,
      -0.0004576079574,
      -0.0004368897314,
      -0.0003248666035,
      -0.0002222985797,
      -0.0001371197018,
      -6.476635415e-05,
      -2.618672188e-05,
      -1.150297826e-05,
      -1.664737724e-05,
      -1.775809177e-05,
      -4.604290062e-06
    ],
    "O3pl3*Opui": [
      -0.0002684261612,
      -0.0004232249356,
      -0.0005104996995,
      -0.000562096286,
      -0.0005653084861,
      -0.0005280174533,
      -0.0004719808971,
      -0.000386989955,
      -0.0002986718283,
      -0.0002003051667,
      -0.0001093422899,
      -4.31121442e-05,
      -5.92598401e-06
    ],
    "O3pq*O3pq": [
      0.007746898041,
      0.02663774883,
      0.04273081919,
      0.06186993679,
      0.0831381377,
      0.09751282709,
      0.1085914826,
      0.1163832869,
      0.1197528484,
      0.117247277,
      0.1048963114,
      0.0789910647,
      0.02968812846
    ],
    "O3pq*OWWW": [
      0.001000346459,
      0.003114148358,
      0.008505517739,
      0.01120868851,
      0.01517621565,
      0.01664444702,
      0.01865898616,
      0.0178496985,
      0.0152364416,
      0.01149904325,
      0.008070905082,
      0.002803315329,
      0.0001526129439
    ],
    "O3pq*Oll1221": [
      -0.02327270523,
      -0.02527734712,
      -0.02275728044,
      -0.02413800957,
      -0.01684823052,
      -0.01578644457,
      -0.01148192991,
      -0.00816676645,
      -0.005465520915,
      -0.002959023743,
      -0.0009830613416,
      -0.0001603664609,
      -1.768029475e-05
    ],
    "O3pq*OpD": [
      -0.001799711645,
      -0.002943734924,
      -0.003569292215,
      -0.004039229019,
      -0.004176937665,
      -0.0039610876,
      -0.003590622504,
      -0.003049542175,
      -0.002394375759,
      -0.001645834245,
      -0.0009174530349,
      -0.0003673976118,
      -5.129324368e-05
    ],
    "O3pq*OpWB": [
      -0.001603812845,
      -0.002495676899,
      -0.002457781304,
      -0.002522061943,
      -0.002073520845,
      -0.001562220696,
      -0.001020117139,
      -0.0005266382597,
      0.0001290250874,
      0.0003926598645,
      0.0005859747747,
      0.0002975492944,
      6.220917794e-05
    ],
    "O3pq*Opdi": [
      0.0007372231941,
      0.001341477599,
      0.00147482794,
      0.001133523519,
      0.001844934316,
      0.0007534885002,
      0.001037645418,
      0.001012902442,
      0.0003369624463,
      0.0004867134414,
      0.0001916340806,
      0.0001054031376,
      2.67306752e-06
    ],
    "O3pq*OpqMi": [
      0.02676926742,
      0.04628844327,
      0.06543762826,
      0.08283289094,
      0.1038088071,
      0.1144410192,
      0.1290864218,
      0.1260405619,
      0.1267138797,
      0.1214520088,
      0.1072475037,
      0.079533176,
      0.02958921426
    ],
    "O3pq*Opui": [
      -0.001588561862,
      -0.002321534634,
      -0.002736013297,
      -0.003308398415,
      -0.00320028409,
      -0.004133921933,
      -0.002953931222,
      -0.002231775234,
      -0.001805953281,
      -0.001378100034,
      -0.0005085254893,
      -0.0001311157834,
      -7.422891962e-05
    ],
    "OWWW*OWWW": [
      0.0084828028,
      0.0152964498,
      0.021619044,
      0.030142004,
      0.04094396,
      0.05127858,
      0.061034149,
      0.0712557368,
      0.08011193143,
      0.08500387667,
      0.079955598,
      0.05870648,
      0.01954831578
    ],
    "OWWW*Oll1221": [
      1.157852689e-05,
      -0.0003469857314,
      -2.448871576e-05,
      0.0004562965502,
      0.0003740143487,
      -0.0003285191463,
      0.0002787697727,
      5.829258345e-05,
      1.943139434e-05,
      5.349467226e-05,
      -1.123012649e-05,
      4.37319741e-05,
      1.897660373e-06
    ],
    "OWWW*OpD": [
      -0.00021163921,
      -0.00050367542,
      -0.0007144509,
      -0.0007796749467,
      -0.00082599336,
      -0.0007433281467,
      -0.00062734013,
      -0.000484295856,
      -0.0003216971257,
      -0.0001748745633,
      -6.02089e-05,
      -1.239746182e-05,
      -9.517769556e-07
    ],
    "OWWW*OpWB": [
      -0.00068740709,
      -0.00134801708,
      -0.00161893138,
      -0.001651278933,
      -0.001728934533,
      -0.001586062933,
      -0.0011539531,
      -0.00087593512,
      -0.0005036204629,
      -0.0002039995867,
      -2.8149472e-05,
      3.983509909e-05,
      1.591049867e-05
    ],
    "OWWW*Opdi": [
      1.7861633e-05,
      0.000153039522,
      -0.00022527398,
      0.00017905552,
      0.0005384337333,
      -7.858155467e-05,
      9.8841695e-05,
      8.9968672e-05,
      7.758856e-05,
      8.766062667e-05,
      -2.7881918e-05,
      -1.469675364e-06,
      -8.111202889e-06
    ],
    "OWWW*OpqMi": [
      -4.5613636e-05,
      -0.00055883484,
      -0.00062216446,
      -0.0005590254933,
      -0.0002663647733,
      0.0001368481467,
      0.00053286245,
      0.00100683336,
      0.0009255409143,
      0.0009435204,
      0.00085316846,
      0.0004895788091,
      1.571934e-05
    ],
    "OWWW*Opui": [
      1.4874046e-05,
      0.000197653788,
      -0.00025716804,
      -0.0003580718933,
      -3.9330644e-06,
      -0.0008401306933,
      -0.00017154165,
      -0.000401367256,
      -0.0002294157371,
      -0.0001545560033,
      5.6036144e-05,
      0.0001172222909,
      -5.793827556e-05
    ],
    "Oll1221*Oll1221": [
      -0.008425090586,
      -0.008839727453,
      -0.00880728256,
      -0.008939889194,
      -0.006601001138,
      -0.005634104521,
      -0.00422724025,
      -0.003119644645,
      -0.001952167808,
      -0.001041386176,
      -0.0004126976484,
      -9.204056081e-05,
      -5.746484792e-06
    ],
    "Oll1221*OpD": [
      -4.251243502e-06,
      -2.616529288e-05,
      -5.234117139e-05,
      -5.723948418e-05,
      -4.192264229e-05,
      -4.721349337e-05,
      -4.130769786e-05,
      -2.795035938e-05,
      -1.918595407e-05,
      -1.004841915e-05,
      -2.778399174e-06,
      -7.66807228e-07,
      9.779530475e-08
    ],
    "Oll1221*OpWB": [
      6.04166471e-05,
      -2.69885901e-05,
      0.0001183487114,
      -3.620159739e-05,
      -2.265982766e-05,
      5.611405678e-06,
      3.321519947e-06,
      -2.322909675e-05,
      -1.246752932e-05,
      -5.639847955e-06,
      5.311059906e-07,
      1.141747355e-06,
      -3.511329519e-07
    ],
    "Oll1221*Opdi": [
      -2.029650291e-05,
      0.0001159895405,
      0.0001735063527,
      0.0001115271892,
      5.971455675e-05,
      -3.141874782e-05,
      -4.39663366e-05,
      -0.0002281122074,
      -4.694788811e-05,
      -0.0001062013056,
      -4.904626857e-05,
      -1.565955246e-05,
      -3.606743966e-06
    ],
    "Oll1221*OpqMi": [
      0.0004867909682,
      5.085705435e-05,
      0.0001699427918,
      0.0001933550088,
      0.0002234698845,
      6.186924418e-05,
      0.0003780595619,
      -0.0001343714257,
      -0.0002441626771,
      -2.368572882e-05,
      8.942719443e-05,
      7.298982493e-06,
      1.282951831e-06
    ],
    "Oll1221*Opui": [
      0.0002641554745,
      0.0003224163898,
      0.0009661219523,
      0.0001503925798,
      0.0004476332795,
      0.0002434121272,
      0.0002329744631,
      0.0001436122424,
      0.0001556107155,
      5.034944977e-05,
      7.03030955e-05,
      5.423206932e-05,
      -1.007289183e-05
    ],
    "OpD*OpD": [
      0.00014936568,
      0.00020742048,
      0.00022721676,
      0.0002220536667,
      0.0001951740667,
      0.00015860388,
      0.00012059017,
      8.2798448e-05,
      5.076508229e-05,
      2.487868667e-05,
      9.0543944e-06,
      2.005247455e-06,
      1.224624844e-07
    ],
    "OpD*OpWB": [
      7.4508945e-05,
      2.8697938e-05,
      -2.6984728e-05,
      -7.708649733e-05,
      -0.0001295070693,
      -0.0001507045467,
      -0.00015623908,
      -0.000139789576,
      -0.0001107516971,
      -6.763502e-05,
      -3.1224238e-05,
      -7.852060091e-06,
      -5.145019778e-07
    ],
    "OpD*Opdi": [
      0.0005610999,
      0.00085690448,
      0.00101531014,
      0.001121037053,
      0.001076872707,
      0.00103681032,
      0.00089237414,
      0.000715704368,
      0.0005358246229,
      0.0003542646333,
      0.000181735872,
      6.530376091e-05,
      8.563788667e-06
    ],
    "OpD*OpqMi": [
      -0.00059362451,
      -0.00093206366,
      -0.00111701428,
      -0.0012366784,
      -0.001310176013,
      -0.001250094947,
      -0.0011061092,
      -0.0009447168,
      -0.0007533435429,
      -0.0005023006333,
      -0.00029283658,
      -0.0001238900727,
      -1.774446822e-05
    ],
    "OpD*Opui": [
      -0.0011315724,
      -0.00176062632,
      -0.0021229966,
      -0.002354492,
      -0.002394838533,
      -0.002261506133,
      -0.0020054533,
      -0.0016644716,
      -0.0012801348,
      -0.0008590240667,
      -0.00047850734,
      -0.0001875692818,
      -2.721346e-05
    ],
    "OpWB*OpWB": [
      0.00047789929,
      0.00075878822,
      0.00095280796,
      0.001139409827,
      0.001261769253,
      0.001298077213,
      0.0012780829,
      0.00119842328,
      0.0010482724,
      0.0008205745667,
      0.0005381958,
      0.0002516234455,
      4.251282667e-05
    ],
    "OpWB*Opdi": [
      -0.0006986648,
      -0.0012985237,
      -0.00182037518,
      -0.002303172133,
      -0.002646233067,
      -0.0027575208,
      -0.0027677791,
      -0.00257650304,
      -0.002225740971,
      -0.001681983167,
      -0.00104578156,
      -0.0004598895182,
      -6.998540444e-05
    ],
    "OpWB*OpqMi": [
      0.00077352757,
      0.00125004144,
      0.00180664318,
      0.002199403067,
      0.0025009484,
      0.0027021424,
      0.0027839444,
      0.00257038976,
      0.002181541429,
      0.001728938533,
      0.00109083552,
      0.0004924814273,
      7.634937556e-05
    ],
    "OpWB*Opui": [
      0.0014777987,
      0.002764364,
      0.00385608,
      0.005035216667,
      0.005895879733,
      0.0062846008,
      0.0062916499,
      0.00591912888,
      0.005293204114,
      0.004156648333,
      0.0026931244,
      0.001275200273,
      0.0002092684733
    ],
    "Opdi*Opdi": [
      0.0065659125,
      0.0115623666,
      0.0155329726,
      0.01949478,
      0.022901312,
      0.025107008,
      0.026237169,
      0.0263674136,
      0.02557121943,
      0.023269895,
      0.0193696558,
      0.01347544545,
      0.00453948
    ],
    "Opdi*OpqMi": [
      0.00011919675,
      0.0003016255,
      -0.00046106346,
      0.0002744851333,
      0.00030191804,
      0.00020002688,
      -2.5783943e-05,
      -0.000239889296,
      -0.0001854914514,
      8.115936333e-05,
      -1.14169024e-05,
      -7.180921091e-05,
      3.353767333e-06
    ],
    "Opdi*Opui": [
      7.6589793e-05,
      -1.199678e-06,
      -6.285485e-05,
      0.00022043712,
      0.00020145144,
      -0.0003012097867,
      -0.00012366311,
      -0.000158482936,
      1.167756857e-05,
      -0.0001138876967,
      7.8035262e-05,
      -2.090447455e-05,
      -1.925235156e-05
    ],
    "OpqMi*OpqMi": [
      0.013546202,
      0.02421761,
      0.032117084,
      0.04126762933,
      0.04934977067,
      0.05413359067,
      0.057200216,
      0.0585109592,
      0.05777844,
      0.05381651,
      0.046222248,
      0.03344760818,
      0.01199079667
    ],
    "OpqMi*Opui": [
      -2.2907394e-06,
      -0.00037965884,
      0.0002390799,
      0.00015744472,
      0.0001609372533,
      8.0393288e-06,
      -0.00020374194,
      -0.000165101752,
      -7.793326286e-06,
      -0.0001125178567,
      0.000148342132,
      2.062628636e-05,
      -1.976953578e-05
    ],
    "Opui*Opui": [
      0.0069841672,
      0.012366801,
      0.0167610762,
      0.02177576267,
      0.0260571,
      0.02922118933,
      0.03109116,
      0.032185848,
      0.03214280571,
      0.030626292,
      0.026862194,
      0.01994107,
      0.007452305111
    ]
  },
  "NLO_QCD": {
    "SM": [
      2.8759968,
      3.1524502,
      3.0569534,
      2.734192933,
      2.290840933,
      1.8862132,
      1.4822327,
      1.07062072,
      0.6985229714,
      0.3709041333,
      0.13967187,
      0.02920701727,
      0.0013086804
    ],
    "O3pl1": [
      -0.08768024128,
      -0.08979828073,
      -0.1071642595,
      -0.09267701016,
      -0.07842168035,
      -0.0685836688,
      -0.05137317891,
      -0.0292162005,
      -0.02082892368,
      -0.01183976832,
      -0.005111073481,
      -0.0007527090015,
      -6.540314723e-05
    ],
    "O3pl2": [
      -0.09405185128,
      -0.09739420073,
      -0.09041323953,
      -0.08927361016,
      -0.07328716035,
      -0.0675568021,
      -0.05708879891,
      -0.0339669525,
      -0.02485169511,
      -0.01149611832,
      -0.004453355081,
      -0.0007512912745,
      -7.064263613e-05
    ],
    "O3pl3": [
      -0.07381524249,
      -0.08018106836,
      -0.07661910871,
      -0.06863129615,
      -0.0581927161,
      -0.04552894034,
      -0.03644260602,
      -0.02733161814,
      -0.01753877119,
      -0.009544968101,
      -0.003551425463,
      -0.0007912395839,
      -2.835890968e-05
    ],
    "O3pq": [
      0.2963910451,
      0.3505415698,
      0.3659454078,
      0.3384188898,
      0.2974560234,
      0.2714007979,
      0.2123298839,
      0.1551219551,
      0.1133132242,
      0.06155918469,
      0.02745216122,
      0.007187677947,
      0.000574335253
    ],
    "OWWW": [
      -0.014406313,
      -0.0139182706,
      -0.009315102,
      -0.006642868667,
      -0.008690300667,
      -0.0031853968,
      -0.0052286645,
      -0.00368175936,
      -0.004956061429,
      -0.0020466081,
      -0.00140783396,
      -0.0007937985909,
      -9.463792222e-05
    ],
    "Oll1221": [
      0.3696521688,
      0.3973426724,
      0.3902780508,
      0.3614982206,
      0.2935802308,
      0.2453315152,
      0.1946232329,
      0.1366308544,
      0.09085815253,
      0.04670883688,
      0.01845830742,
      0.003401196782,
      0.0002078230843
    ],
    "OpD": [
      -0.0031343399,
      -0.0046163654,
      -0.0054761586,
      -0.005817166,
      -0.005290487733,
      -0.004436449467,
      -0.0034213941,
      -0.0023833448,
      -0.001423653714,
      -0.0006683441333,
      -0.0002216244,
      -4.118451545e-05,
      -1.567040356e-06
    ],
    "OpWB": [
      0.00028054802,
      -0.00038424534,
      -0.00078081806,
      -0.00104502656,
      -0.0010531648,
      -0.0009934208133,
      -0.00061867532,
      -0.000520788176,
      -0.0003281014286,
      -0.00018405985,
      -7.6321134e-05,
      -1.146460636e-05,
      -1.500308222e-06
    ],
    "Opdi": [
      -0.0049228087,
      -0.0074073628,
      -0.0088693906,
      -0.009860797333,
      -0.009459374533,
      -0.008696144267,
      -0.007373648,
      -0.0057899404,
      -0.004231322,
      -0.0025194758,
      -0.00117883886,
      -0.0003516658,
      -2.656510889e-05
    ],
    "OpqMi": [
      0.013854484,
      0.0121282468,
      0.0081638788,
      0.01047780613,
      0.0079645388,
      0.002927535467,
      -0.00062802114,
      0.000202838936,
      -0.0009127514286,
      -0.0009496183667,
      -0.000111200134,
      0.0002189920636,
      5.156164889e-05
    ],
    "Opui": [
      0.010376393,
      0.0156633234,
      0.0186481118,
      0.02038904667,
      0.02028268,
      0.018699552,
      0.01616335,
      0.0128853936,
      0.0096866,
      0.006073272,
      0.0029648122,
      0.0009637015455,
      7.532978889e-05
    ],
    "O3pl1*O3pl1": [
      -0.004524333836,
      -0.003942457599,
      -0.006737416973,
      -0.005201729701,
      -0.00475448487,
      -0.002402268399,
      -0.002506406198,
      -0.001423479067,
      -0.0009394995216,
      -0.0007852906666,
      -0.0003270706385,
      -5.028191675e-05,
      -4.242840863e-06
    ],
    "O3pl1*O3pl2": [
      -0.005122062205,
      -0.00439936509,
      -0.007951756822,
      -0.00610075371,
      -0.005337653827,
      -0.002258842737,
      -0.003162448664,
      -0.00167067054,
      -0.001256490526,
      -0.001032095337,
      -0.0003938051304,
      -6.30370256e-05,
      -8.536569748e-06
    ],
    "O3pl1*O3pl3": [
      -0.0008857363428,
      -0.001243363254,
      0.0002071702002,
      -0.0001972668836,
      -0.0001441466366,
      -0.0005618284643,
      -0.0001940758048,
      -0.0003671333615,
      -0.0002076630655,
      -7.980658466e-06,
      6.234765316e-06,
      -1.094778195e-05,
      1.808419167e-06
    ],
    "O3pl1*O3pq": [
      0.01625173899,
      0.01677859507,
      0.02384413529,
      0.01834306944,
      0.01755925374,
      0.009798772776,
      0.009335052671,
      0.006804111498,
      0.004852080445,
      0.003303775477,
      0.001491640298,
      0.0002866359006,
      -1.706530171e-05
    ],
    "O3pl1*OWWW": [
      -0.0003538748111,
      -0.0007128595472,
      -0.001866542288,
      -0.0007135223806,
      -0.0002787531276,
      -0.0004560671969,
      -0.0004574749872,
      -0.0003233342955,
      -0.0003471083683,
      -5.964236438e-05,
      -9.766695108e-05,
      -0.0001317379863,
      4.37327516e-05
    ],
    "O3pl1*Oll1221": [
      0.01462638218,
      0.01294945771,
      0.01836265437,
      0.01563242389,
      0.01324068065,
      0.006441916469,
      0.007411209953,
      0.005017395748,
      0.003190241142,
      0.002249380253,
      0.0009232324231,
      0.0001563603302,
      1.121502514e-05
    ],
    "O3pl1*OpD": [
      -6.650736901e-05,
      -5.230806817e-05,
      -0.000143345569,
      -0.0001850349312,
      -0.0001622246282,
      -9.981308598e-05,
      -8.857544077e-05,
      -6.240762099e-05,
      -3.756145312e-05,
      -2.042386171e-05,
      -3.551717999e-06,
      -1.503690509e-06,
      3.824668619e-07
    ],
    "O3pl1*OpWB": [
      2.897429629e-05,
      8.911382187e-06,
      9.257688045e-05,
      -0.0001257369614,
      4.769592386e-05,
      2.317624966e-05,
      -2.293419321e-06,
      -1.101550828e-05,
      -5.035758976e-05,
      -6.158944694e-06,
      2.375100621e-05,
      -4.127321353e-06,
      7.86929281e-08
    ],
    "O3pl1*Opdi": [
      3.61579991e-05,
      -0.0001821793985,
      -0.0001189201704,
      -9.007681615e-05,
      -0.0002495758214,
      -0.0001103905495,
      -1.86089508e-05,
      -0.0003516128521,
      -0.000282525637,
      -0.0001250984558,
      -5.027400479e-05,
      -8.225511012e-06,
      -1.233160153e-05
    ],
    "O3pl1*OpqMi": [
      1.540511153e-05,
      -0.0008730112406,
      -0.0005185247468,
      -9.052497598e-05,
      -0.0001000304685,
      2.241837793e-05,
      -0.000162869419,
      -9.487279204e-05,
      -0.0001029496285,
      2.132821175e-06,
      -5.398123318e-05,
      -3.927029728e-05,
      -1.302650024e-05
    ],
    "O3pl1*Opui": [
      0.0007708063157,
      0.0001673868791,
      0.001420351412,
      0.0003550158464,
      0.0008900282648,
      0.0005373726618,
      0.0004180895117,
      0.000340794609,
      0.0001295413663,
      0.0001322947113,
      0.000164094709,
      6.933564425e-05,
      -1.132256893e-05
    ],
    "O3pl2*O3pl2": [
      -0.005093883225,
      -0.004624960116,
      -0.005255668816,
      -0.004989117168,
      -0.004232179223,
      -0.002226140256,
      -0.003004863757,
      -0.001841226914,
      -0.00129714854,
      -0.0007646851279,
      -0.0002634811626,
      -4.460208221e-05,
      -4.960885616e-06
    ],
    "O3pl2*O3pl3": [
      -0.000722202803,
      -0.00105016465,
      -0.0002126753304,
      -0.0002826960245,
      -0.00027457545,
      -0.0005866147147,
      -5.35499023e-05,
      -0.0002458525595,
      -0.0001066578437,
      -1.68242598e-05,
      -1.048898781e-05,
      -1.098618922e-05,
      1.921958113e-06
    ],
    "O3pl2*O3pq": [
      0.01646227623,
      0.0164918387,
      0.02085162811,
      0.01880469325,
      0.01576721686,
      0.009060625943,
      0.01059033209,
      0.00747714831,
      0.005244722066,
      0.003133035202,
      0.00136566698,
      0.0002864399479,
      -4.580376922e-06
    ],
    "O3pl2*OWWW": [
      -0.0002909423011,
      -0.001071710847,
      -0.0005930562277,
      7.294320875e-05,
      -0.0003846277143,
      0.0002510035364,
      -0.0004397492072,
      -0.0004466994215,
      -0.0003742185855,
      -4.098107768e-05,
      -0.0001058353759,
      -3.604715997e-05,
      3.600282715e-05
    ],
    "O3pl2*Oll1221": [
      0.01535672011,
      0.01383192943,
      0.01644877948,
      0.01542012209,
      0.01252293633,
      0.006152413012,
      0.008056691514,
      0.005549822557,
      0.00365300636,
      0.002230190381,
      0.000837899734,
      0.0001451315793,
      1.236377817e-05
    ],
    "O3pl2*OpD": [
      -6.842467901e-05,
      -9.516696817e-05,
      -0.000135090309,
      -0.0001514510245,
      -0.0002113769482,
      -0.0001324380593,
      -7.384516077e-05,
      -7.133126899e-05,
      -3.248074455e-05,
      -1.965649838e-05,
      -4.623225799e-06,
      1.433300036e-06,
      1.191767508e-07
    ],
    "O3pl2*OpWB": [
      2.674679449e-05,
      6.677714419e-05,
      2.960750451e-06,
      -6.367462751e-06,
      -6.200749611e-05,
      -0.000121637189,
      1.829444568e-05,
      -6.490946684e-06,
      -2.693946165e-05,
      1.539196976e-06,
      1.378468621e-05,
      -9.332663898e-06,
      -7.728674296e-07
    ],
    "O3pl2*Opdi": [
      6.23313991e-05,
      0.0002075297615,
      -0.0005715120304,
      -0.0001217235627,
      -0.0003492385814,
      -0.0002391984028,
      -1.41517608e-05,
      -7.632311606e-05,
      -0.0002328672256,
      -7.303984578e-05,
      -3.794164279e-05,
      -6.954761737e-05,
      8.265162524e-07
    ],
    "O3pl2*OpqMi": [
      0.0006881678215,
      0.0005869218994,
      4.618269317e-05,
      0.0006404184373,
      7.165634492e-05,
      7.842520463e-05,
      8.368318097e-05,
      -5.062952164e-05,
      -0.0001997832057,
      -0.0001839502822,
      -7.288301318e-05,
      -2.561305819e-05,
      1.132680087e-05
    ],
    "O3pl2*Opui": [
      0.0005719414157,
      -0.0001956486009,
      0.001173269652,
      0.0005709036734,
      0.0004801724911,
      0.0002562270488,
      0.0003936564917,
      0.000468713881,
      0.0003779395435,
      2.374897797e-05,
      9.404797702e-05,
      1.897835516e-05,
      -2.080766915e-05
    ],
    "O3pl3*O3pl3": [
