{
 "best_sm": [
  5.8618947,
  25.735106,
  20.890789,
  7.8176473,
  0.7793676,
  0.3871289
 ],
 "theory_cov": [
  [
   0.016303352222967,
   0.071555253994425,
   0.061750510194021,
   0.023107968863561,
   0.001354763150342,
   0.001279194224188
  ],
  [
   0.071555253994425,
   0.314055312317541,
   0.271022387346454,
   0.101420650103978,
   0.005946042261691,
   0.005614370981387
  ],
  [
   0.061750510194021,
   0.271022387346454,
   0.233885979832441,
   0.08752364834898,
   0.005131295366839,
   0.004845070811239
  ],
  [
   0.023107968863561,
   0.101420650103978,
   0.08752364834898,
   0.032752664464128,
   0.001920207836245,
   0.001813098306331
  ],
  [
   0.001354763150342,
   0.005946042261691,
   0.005131295366839,
   0.001920207836245,
   0.000112577043569,
   0.000106297476332
  ],
  [
   0.001279194224188,
   0.005614370981387,
   0.004845070811239,
   0.001813098306331,
   0.000106297476332,
   0.000100368184458
  ]
 ],
 "LO": {
  "SM": [
   2.672,
   12.23,
   8.695,
   2.887,
   0.2981,
   0.1561
  ],
  "OW": [
   -0.007378,
   -0.02938,
   0.1854,
   0.2952,
   0.0862,
   0.08845
  ],
  "OW*OW": [
   0.0005712,
   0.00393,
   0.01081,
   0.0308,
   0.02148,
   0.04861
  ],
  "OB": [
   0.001365,
   0.003735,
   -0.01788,
   -0.01761,
   -0.002797,
   -0.001608
  ],
  "OB*OB": [
   1.474e-05,
   9.229e-05,
   0.0001924,
   0.0002803,
   0.0001031,
   0.0001212
  ],
  "OWWW": [
   -0.03785,
   -0.1919,
   0.1801,
   0.1829,
   0.009829,
   -0.01528
  ],
  "OWWW*OWWW": [
   0.005619,
   0.0531,
   0.2324,
   0.9263,
   0.8103,
   2.125
  ],
  "OW*OB": [
   -0.0001408,
   -0.0008279,
   -0.001907,
   -0.003192,
   -0.0009711,
   -0.001121
  ],
  "OW*OWWW": [
   0.002479,
   0.01845,
   0.04481,
   0.07404,
   0.02729,
   0.04568
  ],
  "OB*OWWW": [
   -0.0003479,
   -0.002444,
   -0.007051,
   -0.01136,
   -0.004837,
   -0.006481
  ]
 },
 "NLO": {
  "SM": [
   5.382,
   24.06,
   19.52,
   7.54,
   0.804,
   0.3981
  ],
  "OW": [
   -0.02175,
   -0.1039,
   0.1688,
   0.351,
   0.106,
   0.1044
  ],
  "OW*OW": [
   0.0009154,
   0.00595,
   0.01621,
   0.04347,
   0.02864,
   0.05883
  ],
  "OB": [
   0.00351,
   0.0135,
   -0.01284,
   -0.01635,
   -0.002504,
   -0.00141
  ],
  "OB*OB": [
   2.2e-05,
   0.0001287,
   0.0002711,
   0.0003859,
   0.0001323,
   0.0001443
  ],
  "OWWW": [
   -0.1216,
   -0.5634,
   -0.2624,
   -0.3484,
   -0.1576,
   -0.1758
  ],
  "OWWW*OWWW": [
   0.01195,
   0.08625,
   0.3503,
   1.326,
   1.087,
   2.616
  ],
  "OW*OB": [
   -0.0001982,
   -0.001208,
   -0.002721,
   -0.004322,
   -0.001553,
   -0.0017
  ],
  "OW*OWWW": [
   0.004124,
   0.02752,
   0.06508,
   0.1076,
   0.03992,
   0.04492
  ],
  "OB*OWWW": [
   -0.000507,
   -0.00361,
   -0.009849,
   -0.01681,
   -0.00628,
   -0.007175
  ]
 }
}