{
 "best_sm": [
  3.0875379,
  3.2720652,
  3.0731528,
  2.7326579,
  2.3011898,
  1.8366235,
  1.4272184,
  1.0154558,
  0.6622899,
  0.346467,
  0.1283759,
  0.0267134,
  0.0013349
 ],
 "theory_cov": [
  [
   0.028944081988769,
   0.029237143014344,
   0.026361392516605,
   0.02785591372058,
   0.022825937074246,
   0.019455309385331,
   0.014026997407464,
   0.009597726711491,
   0.007120731593574,
   0.00338384097385,
   0.001092026484691,
   0.000281843852649,
   1.37997540881426e-05
  ],
  [
   0.029237143014344,
   0.029533171305033,
   0.026628303615375,
   0.028137956959901,
   0.023057051418494,
   0.019652295868563,
   0.014169021820178,
   0.009694904422443,
   0.007192829541074,
   0.003418102620378,
   0.001103083335679,
   0.000284697543036,
   1.39394776450111e-05
  ],
  [
   0.026361392516605,
   0.026628303615375,
   0.024009157232354,
   0.025370321842711,
   0.020789171582882,
   0.017719306054955,
   0.012775364049585,
   0.008741318560627,
   0.006485346490396,
   0.003081899787323,
   0.000994584620532,
   0.000256694837686,
   1.25683977225916e-05
  ],
  [
   0.02785591372058,
   0.028137956959901,
   0.025370321842711,
   0.026808655721383,
   0.021967783741709,
   0.01872387660646,
   0.013499644925437,
   0.009236895034113,
   0.006853023874621,
   0.003256623659659,
   0.001050971163982,
   0.000271247782021,
   1.32809449404433e-05
  ],
  [
   0.022825937074246,
   0.023057051418494,
   0.020789171582882,
   0.021967783741709,
   0.018001033977157,
   0.015342883148337,
   0.011061997415832,
   0.007568977522152,
   0.005615564913774,
   0.002668571114756,
   0.000861196006584,
   0.000222268235967,
   1.08827883564674e-05
  ],
  [
   0.019455309385331,
   0.019652295868563,
   0.017719306054955,
   0.01872387660646,
   0.015342883148337,
   0.013077252317963,
   0.009428510270782,
   0.00645129262142,
   0.004786333740232,
   0.002274512388493,
   0.000734026151697,
   0.000189446649363,
   9.27576439738106e-06
  ],
  [
   0.014026997407464,
   0.014169021820178,
   0.012775364049585,
   0.013499644925437,
   0.011061997415832,
   0.009428510270782,
   0.006797819890966,
   0.004651288914669,
   0.003450877579779,
   0.001639890620331,
   0.000529222266423,
   0.000136588301262,
   6.68769231973338e-06
  ],
  [
   0.009597726711491,
   0.009694904422443,
   0.008741318560627,
   0.009236895034113,
   0.007568977522152,
   0.00645129262142,
   0.004651288914669,
   0.003182562779646,
   0.002361202398733,
   0.00112206636627,
   0.000362111044525,
   9.34581471297588e-05,
   4.5759360575047e-06
  ],
  [
   0.007120731593574,
   0.007192829541074,
   0.006485346490396,
   0.006853023874621,
   0.005615564913774,
   0.004786333740232,
   0.003450877579779,
   0.002361202398733,
   0.001751819886615,
   0.00083248186415,
   0.000268656905186,
   6.93383340606056e-05,
   3.3949718964009e-06
  ],
  [
   0.00338384097385,
   0.003418102620378,
   0.003081899787323,
   0.003256623659659,
   0.002668571114756,
   0.002274512388493,
   0.001639890620331,
   0.00112206636627,
   0.00083248186415,
   0.000395603486086,
   0.000127668376729,
   3.29502513568287e-05,
   1.61332369534582e-06
  ],
  [
   0.001092026484691,
   0.001103083335679,
   0.000994584620532,
   0.001050971163982,
   0.000861196006584,
   0.000734026151697,
   0.000529222266423,
   0.000362111044525,
   0.000268656905186,
   0.000127668376729,
   4.12008867211003e-05,
   1.06336401258022e-05,
   5.20648640793489e-07
  ],
  [
   0.000281843852649,
   0.000284697543036,
   0.000256694837686,
   0.000271247782021,
   0.000222268235967,
   0.000189446649363,
   0.000136588301262,
   9.34581471297588e-05,
   6.93383340606056e-05,
   3.29502513568287e-05,
   1.06336401258022e-05,
   2.74446283378558e-06,
   1.34375512732609e-07
  ],
  [
   1.37997540881426e-05,
   1.39394776450111e-05,
   1.25683977225916e-05,
   1.32809449404433e-05,
   1.08827883564674e-05,
   9.27576439738106e-06,
   6.68769231973338e-06,
   4.5759360575047e-06,
   3.3949718964009e-06,
   1.61332369534582e-06,
   5.20648640793489e-07,
   1.34375512732609e-07,
   6.57934886195742e-09
  ]
 ],
 "LO": {
  "SM": [
   2.6417374,
   2.9069778,
   2.8209,
   2.542321067,
   2.148981067,
   1.7756024,
   1.4093842,
   1.0374692,
   0.6942638286,
   0.381909,
   0.154790572,
   0.03721464455,
   0.002494703778
  ],
  "OpD": [
   -0.0035641574,
   -0.0055394948,
   -0.0064562788,
   -0.006802644,
   -0.0061647996,
   -0.0051609876,
   -0.0039904683,
   -0.00280084048,
   -0.001735642,
   -0.0008593436667,
   -0.00031411728,
   -6.764931818e-05,
   -3.841847111e-06
  ],
  "OpD*OpD": [
   0.00014936568,
   0.00020742048,
   0.00022721676,
   0.0002220536667,
   0.0001951740667,
   0.00015860388,
   0.00012059017,
   8.2798448e-05,
   5.076508229e-05,
   2.487868667e-05,
   9.0543944e-06,
   2.005247455e-06,
   1.224624844e-07
  ],
  "OpWB": [
   -0.00017899701,
   -0.00080316918,
   -0.00118360856,
   -0.0014164388,
   -0.0013395824,
   -0.001211761987,
   -0.00089226002,
   -0.00063733816,
   -0.0003779390571,
   -0.0002184897,
   -8.9413052e-05,
   -2.758232636e-05,
   -3.204284e-06
  ],
  "OpWB*OpWB": [
   0.00047789929,
   0.00075878822,
   0.00095280796,
   0.001139409827,
   0.001261769253,
   0.001298077213,
   0.0012780829,
   0.00119842328,
   0.0010482724,
   0.0008205745667,
   0.0005381958,
   0.0002516234455,
   4.251282667e-05
  ],
  "O3pl1": [
   -0.01181352618,
   -0.01547503849,
   -0.01468708623,
   -0.01745263596,
   -0.01295267056,
   -0.01295232459,
   -0.008742239519,
   -0.005342269565,
   -0.002959065301,
   -0.00345800145,
   -0.001306248475,
   -0.0003084551634,
   -1.68989504e-05
  ],
  "O3pl1*O3pl1": [
   -0.01721775801,
   -0.01907638978,
   -0.01864740196,
   -0.01653723796,
   -0.01386465592,
   -0.01158317088,
   -0.00895878443,
   -0.006669394017,
   -0.004362713892,
   -0.002400765522,
   -0.0009751524745,
   -0.0002342559341,
   -1.597404874e-05
  ],
  "O3pl2": [
   -0.01483910618,
   -0.01590707849,
   -0.01402920623,
   -0.01823066256,
   -0.01417841726,
   -0.01139892459,
   -0.01016409952,
   -0.005475789565,
   -0.004111642441,
   -0.00385994479,
   -0.001315367675,
   -0.0002948287094,
   -1.73742838e-05
  ],
  "O3pl2*O3pl2": [
   -0.01757343314,
   -0.01911983993,
   -0.01856138898,
   -0.0166353254,
   -0.01400109598,
   -0.01138868147,
   -0.009135688775,
   -0.006676989297,
   -0.004487069057,
   -0.002442388209,
   -0.0009748365491,
   -0.0002311449049,
   -1.609428451e-05
  ],
  "Oll": [
   0.2456052022,
   0.2709594095,
   0.2611364423,
   0.2454605091,
   0.2030682754,
   0.1709272326,
   0.133751518,
   0.09734324601,
   0.06507530358,
   0.03746743377,
   0.01511629924,
   0.003581787717,
   0.0002342117267
  ],
  "Oll*Oll": [
   -0.03628784111,
   -0.03954595874,
   -0.03875234994,
   -0.03449703772,
   -0.02888072256,
   -0.02399135462,
   -0.01871690539,
   -0.01402788589,
   -0.009309870367,
   -0.004887762652,
   -0.002014861353,
   -0.0004797068711,
   -3.280790285e-05
  ],
  "OpqMi": [
   0.016156459,
   0.0184204606,
   0.018158997,
   0.01739725733,
   0.01297914067,
   0.008912363333,
   0.0054694202,
   0.00261062672,
   0.001060041943,
   0.0004679022667,
   0.0006867867,
   0.0007360317455,
   0.0001924688222
  ],
  "OpqMi*OpqMi": [
   0.013546202,
   0.02421761,
   0.032117084,
   0.04126762933,
   0.04934977067,
   0.05413359067,
   0.057200216,
   0.0585109592,
   0.05777844,
   0.05381651,
   0.046222248,
   0.03344760818,
   0.01199079667
  ],
  "O3pq": [
   0.1644972263,
   0.209153626,
   0.2205981364,
   0.2343121854,
   0.2118219628,
   0.1914866211,
   0.1594220306,
   0.1231371067,
   0.09154588664,
   0.05924217722,
   0.03028640299,
   0.01094118732,
   0.001429862836
  ],
  "O3pq*O3pq": [
   -0.03535344138,
   -0.02224988402,
   -0.005733159392,
   0.01945034914,
   0.04527920274,
   0.06573921899,
   0.08304611703,
   0.09679928203,
   0.1060853736,
   0.1098177896,
   0.1014847101,
   0.07797914246,
   0.02958046436
  ],
  "OWWW": [
   -0.011630155,
   -0.009105124,
   -0.004529703,
   0.001153849333,
   0.003959311333,
   0.006228686667,
   0.0064453223,
   0.0058415272,
   0.004721094457,
   0.002572462267,
   0.00107557234,
   0.0001679763909,
   -1.397913222e-05
  ],
  "OWWW*OWWW": [
   0.0084828028,
   0.0152964498,
   0.021619044,
   0.030142004,
   0.04094396,
   0.05127858,
   0.061034149,
   0.0712557368,
   0.08011193143,
   0.08500387667,
   0.079955598,
   0.05870648,
   0.01954831578
  ],
  "Opdi": [
   -0.0051137249,
   -0.0079879092,
   -0.009572617,
   -0.01046781707,
   -0.01049144227,
   -0.009659714933,
   -0.0084256225,
   -0.00683007768,
   -0.005118120686,
   -0.003286850967,
   -0.00172210306,
   -0.0006292313091,
   -7.919821111e-05
  ],
  "Opdi*Opdi": [
   0.0065659125,
   0.0115623666,
   0.0155329726,
   0.01949478,
   0.022901312,
   0.025107008,
   0.026237169,
   0.0263674136,
   0.02557121943,
   0.023269895,
   0.0193696558,
   0.01347544545,
   0.00453948
  ],
  "Opui": [
   0.010585378,
   0.0167008868,
   0.02025787,
   0.02238307067,
   0.02258532667,
   0.02116920133,
   0.018826338,
   0.0155989376,
   0.01209027486,
   0.008147737,
   0.0045109106,
   0.001786898455,
   0.0002477183556
  ],
  "Opui*Opui": [
   0.0069841672,
   0.012366801,
   0.0167610762,
   0.02177576267,
   0.0260571,
   0.02922118933,
   0.03109116,
   0.032185848,
   0.03214280571,
   0.030626292,
   0.026862194,
   0.01994107,
   0.007452305111
  ],
  "OpD*OpWB": [
   7.4508945e-05,
   2.8697938e-05,
   -2.6984728e-05,
   -7.708649733e-05,
   -0.0001295070693,
   -0.0001507045467,
   -0.00015623908,
   -0.000139789576,
   -0.0001107516971,
   -6.763502e-05,
   -3.1224238e-05,
   -7.852060091e-06,
   -5.145019778e-07
  ],
  "OpD*O3pl1": [
   -0.0001974112934,
   -0.0003139466224,
   -0.000371290581,
   -0.0003643832379,
   -0.000342680338,
   -0.0002837782657,
   -0.0002148918979,
   -0.000154745514,
   -9.933036438e-05,
   -4.400083363e-05,
   -1.595478667e-05,
   -2.991027039e-06,
   1.434582332e-07
  ],
  "OpD*O3pl2": [
   -0.0001879483134,
   -0.0002972515024,
   -0.000361420621,
   -0.0003623436112,
   -0.000343128898,
   -0.0002814230524,
   -0.0002159720679,
   -0.000152416258,
   -9.539009578e-05,
   -4.61637303e-05,
   -1.495504327e-05,
   -1.628721767e-06,
   -3.946154457e-08
  ],
  "OpD*Oll": [
   0.0001219361015,
   0.0001667940488,
   0.0001808566156,
   0.0001714174544,
   0.0001753873241,
   0.0001332758655,
   9.577846587e-05,
   7.715795451e-05,
   4.561708315e-05,
   1.895375181e-05,
   8.568776782e-06,
   1.736405935e-06,
   2.479550906e-07
  ],
  "OpD*OpqMi": [
   -0.00059362451,
   -0.00093206366,
   -0.00111701428,
   -0.0012366784,
   -0.001310176013,
   -0.001250094947,
   -0.0011061092,
   -0.0009447168,
   -0.0007533435429,
   -0.0005023006333,
   -0.00029283658,
   -0.0001238900727,
   -1.774446822e-05
  ],
  "OpD*O3pq": [
   -0.001631461851,
   -0.002686455802,
   -0.003258361833,
   -0.003734353101,
   -0.003887191044,
   -0.003720435122,
   -0.003407840952,
   -0.002909397757,
   -0.00230797171,
   -0.001607164684,
   -0.000902323467,
   -0.0003640599943,
   -5.109303064e-05
  ],
  "OpD*OWWW": [
   -0.00021163921,
   -0.00050367542,
   -0.0007144509,
   -0.0007796749467,
   -0.00082599336,
   -0.0007433281467,
   -0.00062734013,
   -0.000484295856,
   -0.0003216971257,
   -0.0001748745633,
   -6.02089e-05,
   -1.239746182e-05,
   -9.517769556e-07
  ],
  "OpD*Opdi": [
   0.0005610999,
   0.00085690448,
   0.00101531014,
   0.001121037053,
   0.001076872707,
   0.00103681032,
   0.00089237414,
   0.000715704368,
   0.0005358246229,
   0.0003542646333,
   0.000181735872,
   6.530376091e-05,
   8.563788667e-06
  ],
  "OpD*Opui": [
   -0.0011315724,
   -0.00176062632,
   -0.0021229966,
   -0.002354492,
   -0.002394838533,
   -0.002261506133,
   -0.0020054533,
   -0.0016644716,
   -0.0012801348,
   -0.0008590240667,
   -0.00047850734,
   -0.0001875692818,
   -2.721346e-05
  ],
  "OpWB*O3pl1": [
   -1.117050481e-05,
   -3.978080051e-05,
   -5.208865785e-05,
   -7.046075342e-05,
   -4.925904179e-05,
   -6.520417906e-05,
   -3.374167188e-05,
   -2.491994447e-05,
   -1.678014881e-05,
   6.706832335e-06,
   6.507310532e-06,
   4.022615579e-08,
   -3.15861683e-07
  ],
  "OpWB*O3pl2": [
   -8.886235713e-06,
   -7.110406051e-05,
   -7.459128585e-05,
   -5.801372409e-05,
   -7.132769642e-05,
   -6.291648839e-05,
   -1.985700388e-05,
   -3.302132847e-05,
   -7.577925382e-06,
   -2.222248325e-06,
   2.461019323e-07,
   -1.402876207e-06,
   -2.927469942e-07
  ],
  "OpWB*Oll": [
   6.675395349e-05,
   9.885092235e-07,
   0.000161100102,
   1.14090904e-05,
   2.456062153e-05,
   4.798898165e-05,
   3.397368756e-05,
   6.88559343e-07,
   1.643444475e-06,
   1.734007092e-06,
   3.76106403e-06,
   2.162370241e-06,
   -2.258925179e-07
  ],
  "OpWB*OpqMi": [
   0.00077352757,
   0.00125004144,
   0.00180664318,
   0.002199403067,
   0.0025009484,
   0.0027021424,
   0.0027839444,
   0.00257038976,
   0.002181541429,
   0.001728938533,
   0.00109083552,
   0.0004924814273,
   7.634937556e-05
  ],
  "OpWB*O3pq": [
   -0.001595363103,
   -0.0024583741,
   -0.002400779449,
   -0.002458581026,
   -0.002010560247,
   -0.001505717261,
   -0.0009792475819,
   -0.0004947480515,
   0.0001478397191,
   0.0004024916713,
   0.0005902813854,
   0.0002989101249,
   6.237616518e-05
  ],
  "OpWB*OWWW": [
   -0.00068740709,
   -0.00134801708,
   -0.00161893138,
   -0.001651278933,
   -0.001728934533,
   -0.001586062933,
   -0.0011539531,
   -0.00087593512,
   -0.0005036204629,
   -0.0002039995867,
   -2.8149472e-05,
   3.983509909e-05,
   1.591049867e-05
  ],
  "OpWB*Opdi": [
   -0.0006986648,
   -0.0012985237,
   -0.00182037518,
   -0.002303172133,
   -0.002646233067,
   -0.0027575208,
   -0.0027677791,
   -0.00257650304,
   -0.002225740971,
   -0.001681983167,
   -0.00104578156,
   -0.0004598895182,
   -6.998540444e-05
  ],
  "OpWB*Opui": [
   0.0014777987,
   0.002764364,
   0.00385608,
   0.005035216667,
   0.005895879733,
   0.0062846008,
   0.0062916499,
   0.00591912888,
   0.005293204114,
   0.004156648333,
   0.0026931244,
   0.001275200273,
   0.0002092684733
  ],
  "O3pl1*O3pl2": [
   -0.02949667298,
   -0.03258069395,
   -0.0316639521,
   -0.02812775984,
   -0.02354996364,
   -0.01957198187,
   -0.01529044883,
   -0.01125645409,
   -0.007543002419,
   -0.004155006639,
   -0.001655213217,
   -0.0003958835596,
   -2.74949227e-05
  ],
  "O3pl1*Oll": [
   0.05117006984,
   0.05621749991,
   0.05495663579,
   0.04894222851,
   0.04098907788,
   0.03414829638,
   0.02654222278,
   0.01983885792,
   0.01308897455,
   0.00703799931,
   0.00288122639,
   0.0006900678534,
   4.730785499e-05
  ],
  "O3pl1*OpqMi": [
   0.0009399403017,
   0.000867202111,
   0.001119596397,
   0.0008518102655,
   0.0006671870701,
   0.00045438616,
   0.0002440307669,
   0.0001076916725,
   4.907742559e-05,
   -1.841462531e-05,
   3.570679236e-05,
   3.257566705e-05,
   6.582479133e-06
  ],
  "O3pl1*O3pq": [
   0.0625144996,
   0.07027222993,
   0.06979246643,
   0.06310687361,
   0.05398324797,
   0.04560870466,
   0.03601665503,
   0.02734754733,
   0.01854223562,
   0.01022166067,
   0.004508750703,
   0.001301985209,
   0.0001191537584
  ],
  "O3pl1*OWWW": [
   -0.0007303113796,
   -0.0007023407727,
   -0.0002927696585,
   5.070764288e-05,
   4.031639027e-05,
   0.0001486776969,
   0.0002271507556,
   0.0003055092629,
   0.0002374012064,
   1.120766612e-05,
   2.641426487e-05,
   2.884286122e-05,
   -9.863027411e-06
  ],
  "O3pl1*Opdi": [
   -0.0002449595646,
   -0.000397875856,
   -0.0006402941312,
   -0.0003483988345,
   -0.0005300911394,
   -0.0004994220651,
   -0.0004263473324,
   -0.0003587766732,
   -0.0003458028014,
   -0.0002297430376,
   -9.154817384e-05,
   -3.601362673e-05,
   -4.408002425e-06
  ],
  "O3pl1*Opui": [
   0.0005172015345,
   0.0008925366963,
   0.001355293113,
   0.00121957163,
   0.001383375951,
   0.0009516717396,
   0.001004536359,
   0.0009120090755,
   0.0006926207489,
   0.0003972207482,
   0.0002627603809,
   0.0001100326053,
   1.414868218e-05
  ],
  "O3pl2*Oll": [
   0.05163022482,
   0.05626892569,
   0.05483940568,
   0.04907507571,
   0.04116136703,
   0.03388653399,
   0.02677968221,
   0.01984309306,
   0.01324266689,
   0.007089023369,
   0.002879855914,
   0.000684952368,
   4.750801882e-05
  ],
  "O3pl2*OpqMi": [
   0.0009461123717,
   0.001137862011,
   0.0008374901566,
   0.001047811852,
   0.0007268712034,
   0.0003638748,
   0.0003483973969,
   0.0001803251685,
   -9.529918585e-05,
   -7.549740534e-05,
   5.884491236e-05,
   2.686613614e-05,
   1.22265498e-05
  ],
  "O3pl2*O3pq": [
   0.06322989291,
   0.07028703298,
   0.06954139161,
   0.06364473075,
   0.05425705485,
   0.04517249615,
   0.03640875393,
   0.02734514219,
   0.01873226254,
   0.01022566731,
   0.004545899002,
   0.00127988589,
   0.0001113567694
  ],
  "O3pl2*OWWW": [
   -0.0007863624796,
   -0.0007380083527,
   -0.0003594254785,
   5.02472825e-06,
   0.0002194142569,
   -3.950223636e-05,
   0.0003624695056,
   0.0002416947029,
   0.0001484478693,
   3.084187612e-05,
   2.009676087e-05,
   -1.550013324e-06,
   -1.899813256e-06
  ],
  "O3pl2*Opdi": [
   -0.0002161053646,
   -0.000593204216,
   -0.0005549831512,
   -0.0005034911412,
   -0.0005121301794,
   -0.0006015766918,
   -0.0005116061724,
   -0.0003857556172,
   -0.0003487729671,
   -0.0002311649976,
   -9.441323984e-05,
   -3.601109309e-05,
   -3.621793091e-06
  ],
  "O3pl2*Opui": [
   0.0007549801745,
   0.0008338912163,
   0.001083511233,
   0.00129466251,
   0.001318833498,
   0.001029210807,
   0.001105699159,
   0.0008594614755,
   0.0006463569203,
   0.0003564542482,
   0.0002614734809,
   0.0001083672599,
   1.052001085e-05
  ],
  "Oll*OpqMi": [
   -8.522099356e-05,
   -0.000590789897,
   -0.0004859517328,
   -0.0003914181471,
   -0.0002340464673,
   -0.0002498127183,
   0.0001901663683,
   -0.0002323415081,
   -0.0002837410795,
   -3.947706127e-05,
   6.461770439e-05,
   -1.993624179e-05,
   -6.239751778e-06
  ],
  "Oll*O3pq": [
   -0.09180327004,
   -0.1018615818,
   -0.09800252643,
   -0.08916546023,
   -0.07418332876,
   -0.06346556364,
   -0.04947129982,
   -0.03700570654,
   -0.02526448596,
   -0.01352940932,
   -0.005621482424,
   -0.001422282861,
   -0.000133525058
  ],
  "Oll*OWWW": [
   0.0004233387881,
   -2.982346369e-05,
   0.0001391220495,
   0.0004175122693,
   0.000234448123,
   -0.0005463479322,
   5.735102136e-05,
   -0.0001609248546,
   -0.0001568384008,
   -3.332390029e-05,
   -5.008411312e-05,
   3.751637986e-05,
   2.444039091e-06
  ],
  "Oll*Opdi": [
   0.0001607525631,
   0.0003942354377,
   0.0005192648258,
   0.0004633814101,
   0.000429539225,
   0.0003063994936,
   0.0002454824646,
   2.820297867e-05,
   0.0001441455317,
   4.727322149e-06,
   1.316300065e-05,
   7.623758261e-06,
   -5.112573221e-07
  ],
  "Oll*Opui": [
   -0.00011061494,
   -0.0002593319895,
   0.0002344171113,
   -0.0006019684749,
   -0.0003485023449,
   -0.0004969143125,
   -0.0004137743041,
   -0.0004417756228,
   -0.0002957995014,
   -0.0002246302477,
   -9.264908688e-05,
   -1.188814967e-05,
   -1.975504058e-05
  ],
  "OpqMi*O3pq": [
   0.02600658481,
   0.045432914,
   0.06456310222,
   0.0820531934,
   0.1031987853,
   0.1140254433,
   0.1288358975,
   0.1259099351,
   0.1266611085,
   0.1214309537,
   0.1072144244,
   0.07949686237,
   0.02957918399
  ],
  "OpqMi*OWWW": [
   -4.5613636e-05,
   -0.00055883484,
   -0.00062216446,
   -0.0005590254933,
   -0.0002663647733,
   0.0001368481467,
   0.00053286245,
   0.00100683336,
   0.0009255409143,
   0.0009435204,
   0.00085316846,
   0.0004895788091,
   1.571934e-05
  ],
  "OpqMi*Opdi": [
   0.00011919675,
   0.0003016255,
   -0.00046106346,
   0.0002744851333,
   0.00030191804,
   0.00020002688,
   -2.5783943e-05,
   -0.000239889296,
   -0.0001854914514,
   8.115936333e-05,
   -1.14169024e-05,
   -7.180921091e-05,
   3.353767333e-06
  ],
  "OpqMi*Opui": [
   -2.2907394e-06,
   -0.00037965884,
   0.0002390799,
   0.00015744472,
   0.0001609372533,
   8.0393288e-06,
   -0.00020374194,
   -0.000165101752,
   -7.793326286e-06,
   -0.0001125178567,
   0.000148342132,
   2.062628636e-05,
   -1.976953578e-05
  ],
  "O3pq*OWWW": [
   0.001549360141,
   0.003537031382,
   0.008723665426,
   0.01115697614,
   0.01499012735,
   0.01635400864,
   0.01836376116,
   0.01755740858,
   0.0150014152,
   0.01138328516,
   0.008019099767,
   0.00279502787,
   0.0001533414488
  ],
  "O3pq*Opdi": [
   0.0009786219488,
   0.001712472128,
   0.001935839238,
   0.00160266248,
   0.002338033873,
   0.001203912822,
   0.001423577153,
   0.001354656023,
   0.0005917536728,
   0.0006346182784,
   0.0002745797729,
   0.0001364475519,
   6.800383046e-06
  ],
  "O3pq*Opui": [
   -0.002088255748,
   -0.003097199139,
   -0.003711619752,
   -0.004311546488,
   -0.004261798256,
   -0.005121023853,
   -0.003816262912,
   -0.003012292388,
   -0.002407833571,
   -0.00174473963,
   -0.0007257950658,
   -0.0002192760754,
   -8.71384513e-05
  ],
  "OWWW*Opdi": [
   1.7861633e-05,
   0.000153039522,
   -0.00022527398,
   0.00017905552,
   0.0005384337333,
   -7.858155467e-05,
   9.8841695e-05,
   8.9968672e-05,
   7.758856e-05,
   8.766062667e-05,
   -2.7881918e-05,
   -1.469675364e-06,
   -8.111202889e-06
  ],
  "OWWW*Opui": [
   1.4874046e-05,
   0.000197653788,
   -0.00025716804,
   -0.0003580718933,
   -3.9330644e-06,
   -0.0008401306933,
   -0.00017154165,
   -0.000401367256,
   -0.0002294157371,
   -0.0001545560033,
   5.6036144e-05,
   0.0001172222909,
   -5.793827556e-05
  ],
  "Opdi*Opui": [
   7.6589793e-05,
   -1.199678e-06,
   -6.285485e-05,
   0.00022043712,
   0.00020145144,
   -0.0003012097867,
   -0.00012366311,
   -0.000158482936,
   1.167756857e-05,
   -0.0001138876967,
   7.8035262e-05,
   -2.090447455e-05,
   -1.925235156e-05
  ],
  "O3pl1*O3pl3": [
   0.004029770711,
   0.004532580393,
   0.004376799541,
   0.00405974512,
   0.003279559553,
   0.00278587784,
   0.002121783453,
   0.001528758788,
   0.001015506668,
   0.000589399569,
   0.0002349750815,
   5.619615223e-05,
   3.925846958e-06
  ],
  "O3pl2*O3pl3": [
   0.004130298262,
   0.004546873234,
   0.004354940405,
   0.004085094866,
   0.003319841588,
   0.002735059531,
   0.002168284438,
   0.001533184731,
   0.001053542299,
   0.0006022955079,
   0.0002352693314,
   5.575534131e-05,
   3.941346577e-06
  ],
  "O3pl3": [
   -0.08777404395,
   -0.096169269,
   -0.09372900393,
   -0.08283418021,
   -0.07062252841,
   -0.05808749203,
   -0.04609297157,
   -0.03439019955,
   -0.02291105889,
   -0.01225315768,
   -0.004994638836,
   -0.001203880447,
   -8.134702368e-05
  ],
  "O3pl3*O3pl3": [
   -0.001341947674,
   -0.001482276954,
   -0.001433637804,
   -0.001301450802,
   -0.001082153478,
   -0.000896521627,
   -0.0007061245119,
   -0.0005166281129,
   -0.0003483537278,
   -0.0001901441188,
   -7.67349474e-05,
   -1.840892084e-05,
   -1.269377239e-06
  ],
  "O3pl3*O3pq": [
   -0.007139811598,
   -0.008814482693,
   -0.009125752554,
   -0.009314774051,
   -0.008183752176,
   -0.007295313183,
   -0.005965851036,
   -0.004611885555,
   -0.003403988735,
   -0.002084212446,
   -0.00104827386,
   -0.0003706160304,
   -4.818311506e-05
  ],
  "O3pl3*Oll": [
   -0.01207674551,
   -0.0133004392,
   -0.01286481801,
   -0.01176878717,
   -0.00973114378,
   -0.008125736514,
   -0.006335471929,
   -0.004666775027,
   -0.003129195406,
   -0.001711138593,
   -0.0006924217201,
   -0.0001648660455,
   -1.127167558e-05
  ],
  "O3pl3*OpD": [
   0.0001184222581,
   0.0001832587664,
   0.0002145203946,
   0.0002216444832,
   0.0002025954261,
   0.0001688378131,
   0.000130505608,
   9.284272056e-05,
   5.727706737e-05,
   2.757115818e-05,
   1.013564551e-05,
   2.188431258e-06,
   1.252745238e-07
  ],
  "O3pl3*OpWB": [
   5.947332775e-06,
   2.657061672e-05,
   3.93273251e-05,
   4.615056231e-05,
   4.402304774e-05,
   3.964187859e-05,
   2.918076968e-05,
   2.112659008e-05,
   1.24721808e-05,
   7.010017427e-06,
   2.885097562e-06,
   8.922783969e-07,
   1.044849367e-07
  ],
  "O3pl3*Opdi": [
   0.0001699079985,
   0.0002642577417,
   0.0003180658146,
   0.0003410635489,
   0.0003447830189,
   0.0003160102815,
   0.0002755543721,
   0.0002264045375,
   0.0001689005816,
   0.0001054552345,
   5.556722681e-05,
   2.03554079e-05,
   2.582486471e-06
  ],
  "O3pl3*OpqMi": [
   -0.0005368125319,
   -0.000609389666,
   -0.0006033622962,
   -0.0005668393216,
   -0.0004265369038,
   -0.0002915612381,
   -0.0001788737448,
   -8.653748358e-05,
   -3.498192241e-05,
   -1.501216325e-05,
   -2.216059725e-05,
   -2.381036383e-05,
   -6.276001975e-06
  ],
  "O3pl3*Opui": [
   -0.0003517084756,
   -0.0005525023532,
   -0.0006731007753,
   -0.0007292876315,
   -0.0007422275137,
   -0.0006925344399,
   -0.0006157028453,
   -0.0005170761473,
   -0.0003989852099,
   -0.0002614117661,
   -0.000145553886,
   -5.780552619e-05,
   -8.077572623e-06
  ]
 },
 "NLO": {
  "SM": [
   2.8759968,
   3.1524502,
   3.0569534,
   2.734192933,
   2.290840933,
   1.8862132,
   1.4822327,
   1.07062072,
   0.6985229714,
   0.3709041333,
   0.13967187,
   0.02920701727,
   0.0013086804
  ],
  "OpD": [
   -0.0031343399,
   -0.0046163654,
   -0.0054761586,
   -0.005817166,
   -0.005290487733,
   -0.004436449467,
   -0.0034213941,
   -0.0023833448,
   -0.001423653714,
   -0.0006683441333,
   -0.0002216244,
   -4.118451545e-05,
   -1.567040356e-06
  ],
  "OpD*OpD": [
   0.00014476289,
   0.000193661238,
   0.00021490968,
   0.0002084646,
   0.00018170232,
   0.00014526004,
   0.00010824075,
   7.27973664e-05,
   4.279658971e-05,
   1.982238167e-05,
   6.4150754e-06,
   1.190708545e-06,
   4.735120444e-08
  ],
  "OpWB": [
   0.00028054802,
   -0.00038424534,
   -0.00078081806,
   -0.00104502656,
   -0.0010531648,
   -0.0009934208133,
   -0.00061867532,
   -0.000520788176,
   -0.0003281014286,
   -0.00018405985,
   -7.6321134e-05,
   -1.146460636e-05,
   -1.500308222e-06
  ],
  "OpWB*OpWB": [
   0.00045917079,
   0.00067468476,
   0.00085224368,
   0.00102469556,
   0.0010983254,
   0.0011145564,
   0.0010763521,
   0.00096695776,
   0.0008117726286,
   0.0005991335,
   0.00035402914,
   0.0001364068,
   1.396270178e-05
  ],
  "O3pl1": [
   -0.002219026109,
   0.006840194753,
   -0.02092456323,
   -0.01026564075,
   -0.01140270486,
   -0.01780002047,
   -0.01475995775,
   0.0004937614648,
   -0.003006922475,
   -0.001799507986,
   -0.00230892058,
   -0.0006752801716,
   -1.758516014e-05
  ],
  "O3pl1*O3pl1": [
   -0.01938349134,
   -0.02031466415,
   -0.01854026941,
   -0.01846018508,
   -0.01590523607,
   -0.01193742916,
   -0.009464978335,
   -0.006492891996,
   -0.004043403797,
   -0.002508715606,
   -0.0009191210806,
   -0.0001620905662,
   -8.438469684e-06
  ],
  "O3pl2": [
   -0.008590636109,
   -0.0007557252471,
   -0.004173543235,
   -0.006862240747,
   -0.006268184857,
   -0.01677315377,
   -0.02047557775,
   -0.004256990535,
   -0.007029693905,
   -0.001455857986,
   -0.00165120218,
   -0.0006738624446,
   -2.282464904e-05
  ],
  "O3pl2*O3pl2": [
   -0.02014237527,
   -0.02123001987,
   -0.01658595832,
   -0.01814499059,
   -0.01523271909,
   -0.01173365407,
   -0.0101046197,
   -0.007042474262,
   -0.00450368915,
   -0.002478807568,
   -0.0008423361952,
   -0.0001564069732,
   -9.347960579e-06
  ],
  "Oll": [
   0.2597734636,
   0.2730932039,
   0.2793984413,
   0.2555407456,
   0.2074129766,
   0.180038253,
   0.1475490914,
   0.09843233183,
   0.06794415098,
   0.03379993074,
   0.0148555394,
   0.003301645429,
   0.0001463428151
  ],
  "Oll*Oll": [
   -0.04257803818,
   -0.04456689741,
   -0.03785073209,
   -0.03971782432,
   -0.03218475758,
   -0.02333286692,
   -0.01942238049,
   -0.01480829224,
   -0.00901145058,
   -0.005127135282,
   -0.001783909877,
   -0.0002904373278,
   -1.827270514e-05
  ],
  "OpqMi": [
   0.013854484,
   0.0121282468,
   0.0081638788,
   0.01047780613,
   0.0079645388,
   0.002927535467,
   -0.00062802114,
   0.000202838936,
   -0.0009127514286,
   -0.0009496183667,
   -0.000111200134,
   0.0002189920636,
   5.156164889e-05
  ],
  "OpqMi*OpqMi": [
   0.012702216,
   0.021668008,
   0.027850814,
   0.03695528533,
   0.04274144533,
   0.04494462267,
   0.045819944,
   0.0454966888,
   0.042145552,
   0.03587888667,
   0.026793928,
   0.01482739818,
   0.002318526444
  ],
  "O3pq": [
   0.1498861048,
   0.1848756119,
   0.2181059284,
   0.1971422565,
   0.1825663511,
   0.1843431151,
   0.1495643619,
   0.1041905918,
   0.08276122217,
   0.04434730984,
   0.02264847054,
   0.00705494281,
   0.0004923615609
  ],
  "O3pq*O3pq": [
   -0.04377689193,
   -0.03330180058,
   -0.01250207076,
   0.005677508677,
   0.02571293857,
   0.04549929398,
   0.05906992749,
   0.06768830253,
   0.07215003268,
   0.06849839004,
   0.05634874745,
   0.0340741117,
   0.00555661296
  ],
  "OWWW": [
   -0.014406313,
   -0.0139182706,
   -0.009315102,
   -0.006642868667,
   -0.008690300667,
   -0.0031853968,
   -0.0052286645,
   -0.00368175936,
   -0.004956061429,
   -0.0020466081,
   -0.00140783396,
   -0.0007937985909,
   -9.463792222e-05
  ],
  "OWWW*OWWW": [
   0.0077895723,
   0.0139872314,
   0.0196921552,
   0.02672010133,
   0.034013208,
   0.041913244,
   0.048443813,
   0.0526998392,
   0.05548982571,
   0.05182993,
   0.041043748,
   0.02229446727,
   0.002893341333
  ],
  "Opdi": [
   -0.0049228087,
   -0.0074073628,
   -0.0088693906,
   -0.009860797333,
   -0.009459374533,
   -0.008696144267,
   -0.007373648,
   -0.0057899404,
   -0.004231322,
   -0.0025194758,
   -0.00117883886,
   -0.0003516658,
   -2.656510889e-05
  ],
  "Opdi*Opdi": [
   0.0061679318,
   0.0104321648,
   0.0137939768,
   0.01732873733,
   0.020133156,
   0.02091856933,
   0.021453645,
   0.0205976712,
   0.01935258857,
   0.01579143733,
   0.0114348716,
   0.006189901182,
   0.0009643853111
  ],
  "Opui": [
   0.010376393,
   0.0156633234,
   0.0186481118,
   0.02038904667,
   0.02028268,
   0.018699552,
   0.01616335,
   0.0128853936,
   0.0096866,
   0.006073272,
   0.0029648122,
   0.0009637015455,
   7.532978889e-05
  ],
  "Opui*Opui": [
   0.0064988301,
   0.011374186,
   0.0138162126,
   0.01886960933,
   0.022157892,
   0.02410924533,
   0.024753042,
   0.0243599712,
   0.02303553829,
   0.02015278567,
   0.0152150008,
   0.008660067636,
   0.0014025666
  ],
  "OpD*OpWB": [
   7.0704529e-05,
   5.183603e-05,
   -1.63844394e-05,
   -7.084571333e-05,
   -0.0001113457293,
   -0.0001351427733,
   -0.00013885583,
   -0.000118662008,
   -9.115485143e-05,
   -5.289471667e-05,
   -2.2998948e-05,
   -5.188672818e-06,
   -3.782362222e-07
  ],
  "OpD*O3pl1": [
   -0.0001596453366,
   -0.0001938229173,
   -0.0002978334504,
   -0.0003603702597,
   -0.000316998826,
   -0.0002192582736,
   -0.0001730886612,
   -0.0001285459668,
   -7.388432187e-05,
   -3.851573097e-05,
   -7.998035324e-06,
   -1.612872107e-06,
   3.252086379e-07
  ],
  "OpD*O3pl2": [
   -0.0001615626466,
   -0.0002366818173,
   -0.0002895781904,
   -0.000326786353,
   -0.000366151146,
   -0.0002518832469,
   -0.0001583583812,
   -0.0001374696148,
   -6.88036133e-05,
   -3.774836764e-05,
   -9.069543124e-06,
   1.324118438e-06,
   6.19185268e-08
  ],
  "OpD*Oll": [
   0.0001412502727,
   0.0001902430851,
   0.0001902634791,
   0.0001781389777,
   0.0001134952506,
   7.294266602e-05,
   8.725784008e-05,
   0.0001038103035,
   3.163263019e-05,
   1.031952268e-05,
   7.750928187e-06,
   1.85950058e-06,
   2.482099231e-07
  ],
  "OpD*OpqMi": [
   -0.00050746497,
   -0.00073071228,
   -0.0010660202,
   -0.001154239347,
   -0.001204349307,
   -0.001049490213,
   -0.00093295411,
   -0.000789406928,
   -0.0005821607429,
   -0.0003778066667,
   -0.00019684323,
   -5.942273091e-05,
   -6.581925111e-06
  ],
  "OpD*O3pq": [
   -0.001512239903,
   -0.002399520993,
   -0.003009054388,
   -0.003493848172,
   -0.003469024253,
   -0.003309194872,
   -0.002951739427,
   -0.002475750331,
   -0.001856820676,
   -0.00118508965,
   -0.0005910298264,
   -0.0001984050731,
   -1.874172742e-05
  ],
  "OpD*OWWW": [
   -0.00020413069,
   -0.00034790048,
   -0.00069411352,
   -0.0007429946,
   -0.0007562116667,
   -0.00069746724,
   -0.00057193772,
   -0.00042729632,
   -0.00031276808,
   -0.00014372199,
   -4.8411694e-05,
   -7.089839273e-06,
   5.255136222e-06
  ],
  "OpD*Opdi": [
   0.0005428415,
   0.0009489373,
   0.0009959481,
   0.0010643256,
   0.0009369773867,
   0.0009250392667,
   0.00078126434,
   0.00060744296,
   0.0004239906171,
   0.0002658428767,
   0.000128426618,
   3.641303182e-05,
   4.73797e-06
  ],
  "OpD*Opui": [
   -0.0011008377,
   -0.00161733328,
   -0.00187863582,
   -0.002201852267,
   -0.002158898133,
   -0.0020307072,
   -0.0017499901,
   -0.0013924752,
   -0.001014696343,
   -0.0006522240333,
   -0.00031246416,
   -9.69681e-05,
   -9.401444667e-06
  ],
  "OpWB*O3pl1": [
   3.731087535e-05,
   -2.86767268e-06,
   7.054922627e-05,
   -0.00015723513,
   1.688539272e-05,
   -3.570214221e-06,
   -1.757556518e-05,
   -2.546749545e-05,
   -5.872871612e-05,
   -1.114138798e-05,
   2.221982111e-05,
   -4.157714427e-06,
   2.387303533e-08
  ],
  "OpWB*O3pl2": [
   3.508337355e-05,
   5.499808932e-05,
   -1.906690373e-05,
   -3.786563131e-05,
   -9.281802725e-05,
   -0.0001483836529,
   3.01229982e-06,
   -2.094293385e-05,
   -3.5310588e-05,
   -3.443246314e-06,
   1.225350111e-05,
   -9.363056972e-06,
   -8.276873224e-07
  ],
  "OpWB*Oll": [
   3.334954465e-05,
   2.759417402e-05,
   0.0002730019682,
   6.979447378e-05,
   6.495374189e-05,
   -3.112682354e-05,
   6.581145866e-05,
   -2.430512083e-05,
   1.866805053e-06,
   2.32077585e-05,
   -1.803393828e-05,
   1.83783056e-07,
   -7.377668394e-07
  ],
  "OpWB*OpqMi": [
   0.00072154739,
   0.00143707042,
   0.00153317572,
   0.001776652667,
   0.002340325333,
   0.002135444,
   0.002102753,
   0.00202436288,
   0.001693079086,
   0.001246639233,
   0.00071758736,
   0.0002541662364,
   2.924813778e-05
  ],
  "OpWB*O3pq": [
   -0.001746386498,
   -0.002005567752,
   -0.002087102133,
   -0.002550080204,
   -0.001848447923,
   -0.001755818067,
   -0.001119627443,
   -0.0007302933504,
   -8.382250528e-05,
   0.0002274492458,
   0.000512736237,
   0.0001248896646,
   -1.559962148e-06
  ],
  "OpWB*OWWW": [
   -0.0011103323,
   -0.00093618468,
   -0.00142523662,
   -0.0015308124,
   -0.001377660667,
   -0.001486102,
   -0.001208627,
   -0.00078985176,
   -0.00047644392,
   -0.0001715827933,
   -2.7412878e-05,
   6.772054818e-05,
   2.319323333e-06
  ],
  "OpWB*Opdi": [
   -0.00062101406,
   -0.00100037976,
   -0.00163257332,
   -0.002055430933,
   -0.002317629733,
   -0.0023162108,
   -0.0023689559,
   -0.00211725728,
   -0.001859764057,
   -0.001260845967,
   -0.0007198736,
   -0.0002554546455,
   -2.275454444e-05
  ],
  "OpWB*Opui": [
   0.0013038284,
   0.002709059,
   0.0039101712,
   0.004399086667,
   0.0050351052,
   0.005214718267,
   0.0050820333,
   0.00477992624,
   0.004055062571,
   0.0028728452,
   0.00171673696,
   0.0006972848273,
   6.106136889e-05
  ],
  "O3pl1*O3pl2": [
   -0.033549423,
   -0.03570273934,
   -0.02959112579,
   -0.03108762067,
   -0.02632809742,
   -0.0204218848,
   -0.01658659269,
   -0.01142671933,
   -0.007258237389,
   -0.004295733598,
   -0.001516174021,
   -0.0002853094077,
   -1.629100975e-05
  ],
  "O3pl1*Oll": [
   0.058778363,
   0.06177767683,
   0.05412882453,
   0.05539864741,
   0.04622636391,
   0.03418671826,
   0.02775580772,
   0.02021403742,
   0.01245378993,
   0.007334614915,
   0.002628657751,
   0.0004487866368,
   2.557830047e-05
  ],
  "O3pl1*OpqMi": [
   0.0004270957776,
   -0.000501219394,
   -0.0002882136049,
   0.0002252868094,
   0.0001329735882,
   0.0001012381697,
   -0.0001783824197,
   -8.924396666e-05,
   -0.0001262374196,
   -2.357305471e-05,
   -5.621217473e-05,
   -3.868974162e-05,
   -1.114248467e-05
  ],
  "O3pl1*O3pq": [
   0.07026948063,
   0.07750394108,
   0.06817171875,
   0.06798873213,
   0.05956453544,
   0.04587840663,
   0.03571886274,
   0.02665866138,
   0.01720947919,
   0.0101805575,
   0.003854897434,
   0.0006844642791,
   1.349870605e-05
  ],
  "O3pl1*OWWW": [
   -0.000781963262,
   -0.001139524638,
   -0.002129330581,
   -0.0009137452314,
   -0.000532989482,
   -0.0005418295438,
   -0.0005866303147,
   -0.0004255039327,
   -0.0004735565116,
   -0.0001150434135,
   -0.0001259114789,
   -0.0001338423743,
   4.027476832e-05
  ],
  "O3pl1*Opdi": [
   -0.0001101249222,
   -0.0004092523744,
   -0.000369134502,
   -0.0003872913257,
   -0.0005263115741,
   -0.0003445220529,
   -0.0002007483713,
   -0.0005122849798,
   -0.0003904828967,
   -0.0001932998875,
   -7.392434133e-05,
   -9.157789414e-06,
   -1.330226636e-05
  ],
  "O3pl1*Opui": [
   0.001079144334,
   0.0006475466273,
   0.001946433196,
   0.0009695625511,
   0.001483401822,
   0.001040831906,
   0.0008173468674,
   0.0006983671337,
   0.0003766836995,
   0.0002966963085,
   0.0002235759568,
   7.189045093e-05,
   -8.570087209e-06
  ],
  "O3pl2*Oll": [
   0.05975213106,
   0.06295953125,
   0.05160736872,
   0.05505445452,
   0.04531549073,
   0.03386166873,
   0.02858281132,
   0.02091596563,
   0.01304851615,
   0.007303464686,
   0.002526359535,
   0.0004375530536,
   2.697319855e-05
  ],
  "O3pl2*OpqMi": [
   0.001099858488,
   0.000958713746,
   0.0002764938351,
   0.0009562302227,
   0.0003046604016,
   0.0001572449964,
   6.817018028e-05,
   -4.500069626e-05,
   -0.0002230709968,
   -0.000209656158,
   -7.511395473e-05,
   -2.503250253e-05,
   1.321081645e-05
  ],
  "O3pl2*O3pq": [
   0.07080459136,
   0.07761636163,
   0.06436910367,
   0.06827450116,
   0.05751499341,
   0.04509286503,
   0.03721617154,
   0.02755770005,
   0.01777806881,
   0.009993870088,
   0.003706303414,
   0.0006842618833,
   2.631182422e-05
  ],
  "O3pl2*OWWW": [
   -0.000719030752,
   -0.001498375938,
   -0.0008558445213,
   -0.000127279642,
   -0.0006388640687,
   0.0001652411895,
   -0.0005689045347,
   -0.0005488690587,
   -0.0005006667288,
   -9.638212683e-05,
   -0.0001340799037,
   -3.815154795e-05,
   3.254484387e-05
  ],
  "O3pl2*Opdi": [
   -8.39515222e-05,
   -1.954321442e-05,
   -0.000821726362,
   -0.0004189380723,
   -0.0006259743341,
   -0.0004733299062,
   -0.0001962911813,
   -0.0002369952438,
   -0.0003408244853,
   -0.0001412412775,
   -6.159197933e-05,
   -7.047989577e-05,
   -1.441485746e-07
  ],
  "O3pl2*Opui": [
   0.0008802794343,
   0.0002845111473,
   0.001699351436,
   0.001185450378,
   0.001073546048,
   0.0007596862933,
   0.0007929138474,
   0.0008262864057,
   0.0006250818767,
   0.0001881505752,
   0.0001535292248,
   2.153316184e-05,
   -1.805518743e-05
  ],
  "Oll*OpqMi": [
   0.0004916514716,
   -0.0007085689448,
   0.001090509975,
   -0.0007500110102,
   -0.0008658701906,
   -9.80450525e-05,
   0.0009143435468,
   -0.0003785352794,
   -0.0003496386678,
   -2.88235635e-05,
   0.0001004039355,
   -5.129721662e-05,
   -1.036861788e-05
  ],
  "Oll*O3pq": [
   -0.1045706046,
   -0.1154606105,
   -0.09555504548,
   -0.09733316921,
   -0.08201992954,
   -0.06354510162,
   -0.05016866107,
   -0.03836509,
   -0.0246853232,
   -0.01406609095,
   -0.004544590951,
   -0.0008328180785,
   -0.0001038612641
  ],
  "Oll*OWWW": [
   0.00185388148,
   -0.001162704591,
   0.003036558936,
   -0.0007310797532,
   0.001021350837,
   0.0003294867925,
   0.0008555815451,
   0.0005284948839,
   0.0006273580537,
   0.0001182200627,
   -5.386814058e-05,
   3.112932398e-05,
   5.142902106e-05
  ],
  "Oll*Opdi": [
   0.0003587546943,
   0.00093640899,
   0.00203955748,
   0.001427972271,
   -0.0002929320504,
   0.0002689745137,
   0.0006239059288,
   0.000119898542,
   -6.05402145e-05,
   -0.0003695790194,
   3.110974771e-05,
   -5.577534556e-05,
   8.646855564e-06
  ],
  "Oll*Opui": [
   -0.0003660091741,
   -0.001632744972,
   0.001852627494,
   -0.0008505582327,
   -0.0002347637942,
   -0.000921299907,
   3.956891909e-05,
   0.0001038091024,
   -0.0003524477607,
   -9.123279197e-05,
