{
  "best_sm": [
    759.720947265625,
    680.0633544921875,
    546.918212890625,
    210.3285675048828,
    659.1727294921875,
    586.029541015625,
    448.680419921875,
    146.57977294921875,
    298.61407470703125,
    260.07861328125,
    187.63467407226562,
    47.88070297241211,
    30.297819137573242,
    25.040925979614258,
    15.928793907165527,
    2.68953275680542
  ],
  "scales": [
    370.0,
    370.0,
    370.0,
    370.0,
    450.0,
    450.0,
    450.0,
    450.0,
    575.0,
    575.0,
    575.0,
    575.0,
    1075.0,
    1075.0,
    1075.0,
    1075.0
  ],
  "theory_cov": [
    [
      108.2778405831709,
      60.71590701398227,
      18.12429876730297,
      -2.124589628340547,
      88.99791675187574,
      48.98308590955359,
      15.075883717608425,
      -2.285724107126776,
      29.687516189529884,
      19.018944286902,
      7.717054125276781,
      -1.662442333477202,
      0.8793727183662771,
      1.183106487633783,
      0.7547477291361664,
      -0.31883716194555317
    ],
    [
      60.71590701398227,
      53.821630285456024,
      30.339015109409583,
      4.502752924857267,
      60.20148766962116,
      48.127293308948495,
      21.77050149306167,
      4.078539834319606,
      30.218664115539017,
      19.661978638020507,
      7.781864141457989,
      1.782292451045871,
      2.648013167543986,
      1.6149487318126066,
      1.0202243953934786,
      0.06108900828441931
    ],
    [
      18.12429876730297,
      30.339015109409583,
      42.899665663204715,
      12.090875861980019,
      21.136985787133682,
      38.088964552022155,
      38.31673967394375,
      8.894152251272981,
      17.140955599735705,
      22.794452193797838,
      14.020347962514919,
      3.3558026720144594,
      3.4335421886118698,
      2.2250521262179395,
      1.0759375097572033,
      0.2647783446647527
    ],
    [
      -2.124589628340547,
      4.502752924857267,
      12.090875861980019,
      18.191705076301464,
      3.148615950155966,
      8.910020866638257,
      15.070448571255417,
      17.514637245385522,
      6.069866125704248,
      7.782699176739205,
      11.075680157632544,
      8.287893272123553,
      1.6376101197901236,
      1.775042003805801,
      1.9864735397571087,
      0.7453021275394183
    ],
    [
      88.99791675187574,
      60.20148766962116,
      21.136985787133682,
      3.148615950155966,
      88.5897895235847,
      53.31371088150625,
      15.762500198007842,
      3.451545133430774,
      40.907161387565615,
      22.872458557004496,
      7.976618472019755,
      1.6464352406714715,
      2.9550230334136596,
      2.1881279156183018,
      1.4125653678655739,
      0.04484772596129623
    ],
    [
      48.98308590955359,
      48.127293308948495,
      38.088964552022155,
      8.910020866638257,
      53.31371088150625,
      51.0978830142436,
      31.19511298312889,
      7.505980362500902,
      31.409748932799193,
      25.864432716100566,
      11.81760622950534,
      3.3376411843745064,
      3.8888963328984874,
      2.46319891962104,
      1.4129991377451614,
      0.24566500479167452
    ],
    [
      15.075883717608425,
      21.77050149306167,
      38.31673967394375,
      15.070448571255417,
      15.762500198007842,
      31.19511298312889,
      40.258875124760316,
      11.416223412419177,
      12.553351955036492,
      22.02232846167428,
      18.239932220769443,
      4.141572889394158,
      3.138469867585369,
      2.6014019405631505,
      1.4372718337850794,
      0.3209144616471417
    ],
    [
      -2.285724107126776,
      4.078539834319606,
      8.894152251272981,
      17.514637245385522,
      3.451545133430774,
      7.505980362500902,
      11.416223412419177,
      17.588554762390824,
      6.115419952089879,
      6.246453385064191,
      9.571234241737706,
      8.658337462838372,
      1.4665277418265392,
      1.614566748269962,
      2.0050524839976567,
      0.7983005871636628
    ],
    [
      29.687516189529884,
      30.218664115539017,
      17.140955599735705,
      6.069866125704248,
      40.907161387565615,
      31.409748932799193,
      12.553351955036492,
      6.115419952089879,
      26.711577553020884,
      15.519295393749692,
      5.4642818055624565,
      3.18377655026657,
      2.999926032845138,
      1.839519636116603,
      1.1619027419194563,
      0.2775195515440738
    ],
    [
      19.018944286902,
      19.661978638020507,
      22.794452193797838,
      7.782699176739205,
      22.872458557004496,
      25.864432716100566,
      22.02232846167428,
      6.246453385064191,
      15.519295393749692,
      16.376055444081242,
      9.509505111491121,
      2.616779370426407,
      2.5464302383760704,
      1.819834443179966,
      0.9944019785640831,
      0.22511578683794892
    ],
    [
      7.717054125276781,
      7.781864141457989,
      14.020347962514919,
      11.075680157632544,
      7.976618472019755,
      11.81760622950534,
      18.239932220769443,
      9.571234241737706,
      5.4642818055624565,
      9.509505111491121,
      11.52597052153642,
      3.7992158798291475,
      1.3946280648045812,
      1.5944000374478582,
      1.2706304078894688,
      0.2852056270695947
    ],
    [
      -1.662442333477202,
      1.782292451045871,
      3.3558026720144594,
      8.287893272123553,
      1.6464352406714715,
      3.3376411843745064,
      4.141572889394158,
      8.658337462838372,
      3.18377655026657,
      2.616779370426407,
      3.7992158798291475,
      4.48140302856144,
      0.6948617020082888,
      0.7163576740432819,
      0.9724701059392596,
      0.4327062497928465
    ],
    [
      0.8793727183662771,
      2.648013167543986,
      3.4335421886118698,
      1.6376101197901236,
      2.9550230334136596,
      3.8888963328984874,
      3.138469867585369,
      1.4665277418265392,
      2.999926032845138,
      2.5464302383760704,
      1.3946280648045812,
      0.6948617020082888,
      0.5207758752875074,
      0.3377541299085406,
      0.20481717823315213,
      0.0658437010099161
    ],
    [
      1.183106487633783,
      1.6149487318126066,
      2.2250521262179395,
      1.775042003805801,
      2.1881279156183018,
      2.46319891962104,
      2.6014019405631505,
      1.614566748269962,
      1.839519636116603,
      1.819834443179966,
      1.5944000374478582,
      0.7163576740432819,
      0.3377541299085406,
      0.2942503609996085,
      0.22310526229707037,
      0.06123045908700799
    ],
    [
      0.7547477291361664,
      1.0202243953934786,
      1.0759375097572033,
      1.9864735397571087,
      1.4125653678655739,
      1.4129991377451614,
      1.4372718337850794,
      2.0050524839976567,
      1.1619027419194563,
      0.9944019785640831,
      1.2706304078894688,
      0.9724701059392596,
      0.20481717823315213,
      0.22310526229707037,
      0.2593342889812221,
      0.08399543690389423
    ],
    [
      -0.31883716194555317,
      0.06108900828441931,
      0.2647783446647527,
      0.7453021275394183,
      0.04484772596129623,
      0.24566500479167452,
      0.3209144616471417,
      0.7983005871636628,
      0.2775195515440738,
      0.22511578683794892,
      0.2852056270695947,
      0.4327062497928465,
      0.0658437010099161,
      0.06123045908700799,
      0.08399543690389423,
      0.0451732690564447
    ]
  ],
  "LO": {
    "SM": [
      430.62440475,
      391.626041656,
      317.84427082400003,
      120.2662037,
      484.09285712900004,
      432.621874988,
      332.840624992,
      102.132407405,
      227.554761899,
      197.83333332700002,
      139.45604166200002,
      32.5031481471,
      24.164957983300003,
      19.469080882100002,
      11.7863235297,
      1.70284313727
    ],
    "OtG": [
      165.62067090859813,
      152.82352541319727,
      122.61084463136048,
      42.871069142801566,
      165.39737493872238,
      145.9239713576277,
      110.7868883835703,
      33.087067614815425,
      71.64797621117161,
      60.923547523298,
      43.74230983387806,
      10.304126849636921,
      7.254759678159814,
      5.996734490959709,
      3.511673099995387,
      0.5226778275509545
    ],
    "O81qq": [
      3.87552682274,
      3.79538451499,
      3.35829318155,
      2.24413765132,
      4.77357467763,
      4.734375137710001,
      4.7075136972900005,
      2.4337324487600003,
      3.2478846731599997,
      2.9265905895700004,
      2.85193497129,
      1.2177736686699998,
      0.818434320375,
      0.78959430657,
      0.637186169443,
      0.139868262902
    ],
    "O11qq": [
      0.0,
      0.0,
      0.0,
      0.0,
      0.0,
      0.0,
      0.0,
      0.0,
      0.0,
      0.0,
      0.0,
      0.0,
      0.0,
      0.0,
      0.0,
      0.0
    ],
    "O83qq": [
      0.150483445004,
      0.0516669752899,
      0.411805155426,
      0.710879662816,
      0.5388051607800001,
      0.501881467225,
      0.7169001376199999,
      0.8784761386859999,
      0.372712852634,
      0.473561319233,
      0.7272894051159999,
      0.563242136172,
      0.140979282042,
      0.135340243611,
      0.24587276013599998,
      0.0647481707181
    ],
    "O13qq": [
      0.0,
      0.0,
      0.0,
      0.0,
      0.0,
      0.0,
      0.0,
      0.0,
      0.0,
      0.0,
      0.0,
      0.0,
      0.0,
      0.0,
      0.0,
      0.0
    ],
    "O8qt": [
      3.68921212541,
      3.87986341595,
      3.66919619587,
      2.28553057301,
      5.148127596619999,
      4.85419036482,
      4.80849843668,
      2.5112762853799997,
      3.1623610913699998,
      3.0796230178,
      2.9631514969399997,
      1.13221622881,
      0.8151182950320001,
      0.739601862165,
      0.593859384259,
      0.132874403422
    ],
    "O1qt": [
      0.0,
      0.0,
      0.0,
      0.0,
      0.0,
      0.0,
      0.0,
      0.0,
      0.0,
      0.0,
      0.0,
      0.0,
      0.0,
      0.0,
      0.0,
      0.0
    ],
    "O8ut": [
      1.94571234537,
      2.04058260287,
      2.15577087164,
      1.39457648139,
      2.51142508904,
      2.56585942109,
      2.55962995069,
      1.72266608352,
      1.6790620376599998,
      1.8603733757499998,
      1.77549842817,
      0.870062294242,
      0.492458930719,
      0.535445649881,
      0.406429558906,
      0.108383119251
    ],
    "O1ut": [
      0.0,
      0.0,
      0.0,
      0.0,
      0.0,
      0.0,
      0.0,
      0.0,
      0.0,
      0.0,
      0.0,
      0.0,
      0.0,
      0.0,
      0.0,
      0.0
    ],
    "O8qu": [
      1.96068001889,
      2.43437831769,
      1.95503388973,
      1.55926425251,
      2.5140443019500003,
      2.61594989091,
      2.8503330758099996,
      1.7291923304699999,
      1.9365917447799998,
      1.9261634331500002,
      1.86371254749,
      0.868248770248,
      0.47125798264400004,
      0.467716554877,
      0.4129522179,
      0.0914773056726
    ],
    "O1qu": [
      0.0,
      0.0,
      0.0,
      0.0,
      0.0,
      0.0,
      0.0,
      0.0,
      0.0,
      0.0,
      0.0,
      0.0,
      0.0,
      0.0,
      0.0,
      0.0
    ],
    "O8dt": [
      1.6932386912400001,
      1.76765881129,
      1.58851858287,
      0.707898403135,
      2.27303092555,
      2.08851925244,
      1.7563947935400002,
      0.759739660949,
      1.56596679857,
      1.2949798649000002,
      1.14174007904,
      0.338110457398,
      0.34777559069299996,
      0.265880992283,
      0.175497502821,
      0.034974824726999997
    ],
    "O1dt": [
      0.0,
      0.0,
      0.0,
      0.0,
      0.0,
      0.0,
      0.0,
      0.0,
      0.0,
      0.0,
      0.0,
      0.0,
      0.0,
      0.0,
      0.0,
      0.0
    ],
    "O8qd": [
      1.6950934794899999,
      1.89810286165,
      1.54357150816,
      0.695155293117,
      2.19843349999,
      2.12233732643,
      1.95590521839,
      0.749617303766,
      1.51765718975,
      1.354920563,
      1.15747586408,
      0.332800828399,
      0.3223949421,
      0.265737791268,
      0.162239489383,
      0.0326440096589
    ],
    "O1qd": [
      0.0,
      0.0,
      0.0,
      0.0,
      0.0,
      0.0,
      0.0,
      0.0,
      0.0,
      0.0,
      0.0,
      0.0,
      0.0,
      0.0,
      0.0,
      0.0
    ],
    "OtG*OtG": [
      26.37385767636767,
      23.786950881730277,
      18.522739834267618,
      5.930464242362247,
      27.576127080334214,
      24.557659660106772,
      18.22164355899502,
      4.970856783045202,
      13.93306304883542,
      11.762041276478469,
      8.095304158164307,
      1.7258759542467952,
      1.9199046612317512,
      1.5106126466453083,
      0.8732466911833335,
      0.11223435502385484
    ],
    "O81qq*O81qq": [
      0.112840464641,
      0.113371516908,
      0.108759373371,
      0.0680820841883,
      0.23766880940000001,
      0.23467808996499998,
      0.229877671461,
      0.119393388659,
      0.306885914649,
      0.302096656116,
      0.28016583065899997,
      0.112417060022,
      0.27063769244200003,
      0.241366161169,
      0.175968664529,
      0.0334710570809
    ],
    "O11qq*O11qq": [
      0.513807693188,
      0.507215712443,
      0.48998671905299995,
      0.304320355805,
      1.07837305865,
      1.0655355018700001,
      1.02867790642,
      0.538592267179,
      1.3841164428600001,
      1.36359142502,
      1.26719967003,
      0.5004565769270001,
      1.21259262361,
      1.08681704994,
      0.7937081741500001,
      0.150017987889
    ],
    "O83qq*O83qq": [
      0.11104885688300001,
      0.115441091305,
      0.109526105598,
      0.06758791258119999,
      0.239574966911,
      0.238008147337,
      0.227492976318,
      0.119767230022,
      0.30621001077399995,
      0.30060814607,
      0.27891097798200004,
      0.111780957986,
      0.26984423441000005,
      0.242170590002,
      0.17619778868,
      0.033365596324000005
    ],
    "O13qq*O13qq": [
      0.497090913094,
      0.5001768017939999,
      0.482742446914,
      0.30771677587699997,
      1.06792539182,
      1.07142187641,
      1.01465677527,
      0.540118722884,
      1.3845722092600001,
      1.36265968584,
      1.2641482242,
      0.504575022106,
      1.2149302824100001,
      1.09037292918,
      0.796426429116,
      0.149405119365
    ],
    "O8qt*O8qt": [
      0.128034728781,
      0.13335599589400002,
      0.12285073376,
      0.0752212673529,
      0.279079953138,
      0.275278872948,
      0.25908783366,
      0.131559758945,
      0.347757923835,
      0.338824556482,
      0.31025836613,
      0.116612101257,
      0.272202737873,
      0.241471449812,
      0.172056952864,
      0.030810707522199998
    ],
    "O1qt*O1qt": [
      0.576078581055,
      0.577170521847,
      0.5346972199919999,
      0.34000854425399996,
      1.2336798679299998,
      1.22323081492,
      1.17987728544,
      0.59045484081,
      1.56534244008,
      1.5391414708100002,
      1.38557657185,
      0.526211577527,
      1.2266169916,
      1.0905645432300002,
      0.770201454422,
      0.138535591963
    ],
    "O8ut*O8ut": [
      0.060737053755200006,
      0.060987390082499995,
      0.0627534891816,
      0.0459717566801,
      0.129511970905,
      0.132783761755,
      0.135547219795,
      0.08312525403,
      0.16866983152899998,
      0.173244688546,
      0.175088259213,
      0.0801532110741,
      0.158357237141,
      0.153068079401,
      0.123885377929,
      0.024715704485400003
    ],
    "O1ut*O1ut": [
      0.269090871851,
      0.273286295727,
      0.283977395582,
      0.20935867901799998,
      0.587744827207,
      0.590592310582,
      0.596751005581,
      0.375150716987,
      0.757759145523,
      0.7750211583350001,
      0.784091347456,
      0.363308587736,
      0.710257655563,
      0.688619685755,
      0.5590003070530001,
      0.111789882283
    ],
    "O8qu*O8qu": [
      0.0708983942193,
      0.0690293507199,
      0.07293078114269999,
      0.050607723501200005,
      0.151998816315,
      0.154669930831,
      0.155041116144,
      0.0914399238404,
      0.19335475308900002,
      0.195342186183,
      0.19286766162,
      0.0835269725374,
      0.161719473961,
      0.15452277685899998,
      0.121230086883,
      0.0230264548868
    ],
    "O1qu*O1qu": [
      0.31003561531900004,
      0.31874581019500003,
      0.321458103104,
      0.225237893501,
      0.678450723973,
      0.6895229780290001,
      0.702190335003,
      0.40827358559800003,
      0.8595287598760001,
      0.88226074421,
      0.8721348286430001,
      0.382713793897,
      0.7243828117829999,
      0.6972113223909999,
      0.544432355966,
      0.103055562315
    ],
    "O8dt*O8dt": [
      0.0533254251429,
      0.0512711239881,
      0.0458620148027,
      0.0218481106599,
      0.108619990743,
      0.10462961455700001,
      0.0932914320435,
      0.0363363856226,
      0.13806893905,
      0.129643238596,
      0.105908429573,
      0.0318946820883,
      0.11131885479,
      0.0885303637883,
      0.0527593305638,
      0.008522354918140001
    ],
    "O1dt*O1dt": [
      0.23163030089,
      0.229062663793,
      0.203322069952,
      0.0969321003597,
      0.487374344463,
      0.471820616016,
      0.417041319568,
      0.16380764358699998,
      0.628230639404,
      0.578143206478,
      0.47860863091800004,
      0.14150947929,
      0.501773328589,
      0.39694430315600004,
      0.23508195206899998,
      0.038291871932
    ],
    "O8qd*O8qd": [
      0.058951332832800005,
      0.0567655106031,
      0.0514593909483,
      0.0238798212315,
      0.1252229095,
      0.119167598889,
      0.104479882622,
      0.0394630971189,
      0.155213767785,
      0.142980377386,
      0.11473714977800001,
      0.032621128636,
      0.110662755088,
      0.08677041451050001,
      0.0505089291412,
      0.00784484234046
    ],
    "O1qd*O1qd": [
      0.255974837169,
      0.257658853527,
      0.240217455689,
      0.106684752008,
      0.562704358766,
      0.543153173966,
      0.470240307392,
      0.176450496803,
      0.696809081036,
      0.645276646854,
      0.520341212382,
      0.148092174332,
      0.49998721575699995,
      0.391967835105,
      0.226515815581,
      0.0356583087655
    ],
    "OtG*O81qq": [
      0.48710260053444415,
      0.42736807841956936,
      0.4962728717019921,
      0.3099389649611893,
      0.689277012751954,
      0.6278578190587397,
      0.633348153216808,
      0.35045809433755337,
      0.5264776522444791,
      0.5238837324010044,
      0.5252838786916411,
      0.19092723015850915,
      0.13943520334150303,
      0.14081496965546184,
      0.10331854985243105,
      0.022722367517400043
    ],
    "OtG*O11qq": [
      0.0,
      0.0,
      0.0,
      0.0,
      0.0,
      0.0,
      0.0,
      0.0,
      0.0,
      0.0,
      0.0,
      0.0,
      0.0,
      0.0,
      0.0,
      0.0
    ],
    "OtG*O83qq": [
      0.10757818777661807,
      0.03977979086984244,
      0.1588426651308549,
      0.11539518039977523,
      0.08277598721147822,
      0.09875552615592009,
      0.08698065855799904,
      0.1341408133020276,
      0.03988695152180102,
      0.0938134237905745,
      0.13305066515509154,
      0.07858761422088571,
      0.013182366411844466,
      0.028198529334208862,
      0.03651463194662855,
      0.0128985660854886
    ],
    "OtG*O13qq": [
      0.0,
      0.0,
      0.0,
      0.0,
      0.0,
      0.0,
      0.0,
      0.0,
      0.0,
      0.0,
      0.0,
      0.0,
      0.0,
      0.0,
      0.0,
      0.0
    ],
    "OtG*O8qt": [
      0.5528763045087871,
      0.520857926355887,
      0.5338304537733122,
      0.32033036380879826,
      0.716159985710868,
      0.6913811043274546,
      0.6623410349752463,
      0.3543431492831568,
      0.44720143604001605,
      0.5353411286030387,
      0.45912631521525027,
      0.18217501587990237,
      0.14541280185530298,
      0.1354961567440697,
      0.09987970230958974,
      0.02222462824483074
    ],
    "OtG*O1qt": [
      0.0,
      0.0,
      0.0,
      0.0,
      0.0,
      0.0,
      0.0,
      0.0,
      0.0,
      0.0,
      0.0,
      0.0,
      0.0,
      0.0,
      0.0,
      0.0
    ],
    "OtG*O8ut": [
      0.3287193584945833,
      0.2909375503792559,
      0.2729033290114038,
      0.21584500953650787,
      0.4177899007972328,
      0.3343341919640932,
      0.3729537481683521,
      0.24450540332211335,
      0.23049634439616207,
      0.31247466522560563,
      0.27617453562226246,
      0.14356580033316635,
      0.08313345371595428,
      0.089626592990408,
      0.07263123088061248,
      0.01700366285807965
    ],
    "OtG*O1ut": [
      0.0,
      0.0,
      0.0,
      0.0,
      0.0,
      0.0,
      0.0,
      0.0,
      0.0,
      0.0,
      0.0,
      0.0,
      0.0,
      0.0,
      0.0,
      0.0
    ],
    "OtG*O8qu": [
      0.3459840173565362,
      0.3000424305106957,
      0.2641497014845936,
      0.22369646739760315,
      0.4244051452724348,
      0.37045837799760434,
      0.4023775328797315,
      0.2528780397001562,
      0.29013405767843414,
      0.29540824033579194,
      0.3116190180052859,
      0.14286510476988487,
      0.08139911175622515,
      0.0818932235090479,
      0.0637635316833499,
      0.01664258493054108
    ],
    "OtG*O1qu": [
      0.0,
      0.0,
      0.0,
      0.0,
      0.0,
      0.0,
      0.0,
      0.0,
      0.0,
      0.0,
      0.0,
      0.0,
      0.0,
      0.0,
      0.0,
      0.0
    ],
    "OtG*O8dt": [
      0.24733963412124169,
      0.2180266458874116,
      0.2095419342719838,
      0.10431339449838814,
      0.3225618006105856,
      0.28467541987394246,
      0.25271927264706434,
      0.11236072358939064,
      0.21170085171891936,
      0.22922283993864548,
      0.1872820978265433,
      0.05083589075835973,
      0.06658379689664398,
      0.05213143527765318,
      0.030964535360244575,
      0.005530839767573544
    ],
    "OtG*O1dt": [
      0.0,
      0.0,
      0.0,
      0.0,
      0.0,
      0.0,
      0.0,
      0.0,
      0.0,
      0.0,
      0.0,
      0.0,
      0.0,
      0.0,
      0.0,
      0.0
    ],
    "OtG*O8qd": [
      0.22870237663832474,
      0.2275206868080113,
      0.24621918796225378,
      0.11726816358864836,
      0.3232909649658832,
      0.3136005443771529,
      0.2847141102974037,
      0.11440238378398092,
      0.21958683301114093,
      0.23555327060574568,
      0.18681180974615422,
      0.055334867101858046,
      0.06804698130757712,
      0.05022516819800706,
      0.02759953492826779,
      0.006324608917980294
    ],
    "OtG*O1qd": [
      0.0,
      0.0,
      0.0,
      0.0,
      0.0,
      0.0,
      0.0,
      0.0,
      0.0,
      0.0,
      0.0,
      0.0,
      0.0,
      0.0,
      0.0,
      0.0
    ],
    "O81qq*O11qq": [
      0.0,
      0.0,
      0.0,
      0.0,
      0.0,
      0.0,
      0.0,
      0.0,
      0.0,
      0.0,
      0.0,
      0.0,
      0.0,
      0.0,
      0.0,
      0.0
    ],
    "O81qq*O83qq": [
      0.0155161855664,
      0.0199278919674,
      0.0334280410948,
      0.0469845344524,
      0.0385387471927,
      0.0475970745652,
      0.0787488004431,
      0.0974760910338,
      0.0596149210036,
      0.0863010972228,
      0.131737854108,
      0.0975938847921,
      0.0895126828136,
      0.130063944673,
      0.145133107423,
      0.032220655525300006
    ],
    "O81qq*O13qq": [
      0.0,
      0.0,
      0.0,
      0.0,
      0.0,
      0.0,
      0.0,
      0.0,
      0.0,
      0.0,
      0.0,
      0.0,
      0.0,
      0.0,
      0.0,
      0.0
    ],
    "O81qq*O8qt": [
      0.181095026789,
      0.173044229963,
      0.180065916234,
      0.111752550706,
      0.24180841218,
      0.250701261574,
      0.22944524073800002,
      0.123455036916,
      0.18467679025,
      0.176188154495,
      0.154096541808,
      0.0668460764666,
      0.0469793532535,
      0.0465083241839,
      0.0350046950251,
      0.0077263474786099995
    ],
    "O81qq*O1qt": [
      0.0,
      0.0,
      0.0,
      0.0,
      0.0,
      0.0,
      0.0,
      0.0,
      0.0,
      0.0,
      0.0,
      0.0,
      0.0,
      0.0,
      0.0,
      0.0
    ],
    "O11qq*O83qq": [
      0.0,
      0.0,
      0.0,
      0.0,
      0.0,
      0.0,
      0.0,
      0.0,
      0.0,
      0.0,
      0.0,
      0.0,
      0.0,
      0.0,
      0.0,
      0.0
    ],
    "O11qq*O13qq": [
      0.06947332358849999,
      0.120657994944,
      0.121686925194,
      0.218168461593,
      0.188857745571,
      0.231356050306,
      0.402497535538,
      0.419024364401,
      0.269104484936,
      0.391715193029,
      0.595184155447,
      0.454419018503,
      0.428348983979,
      0.576484015901,
      0.64282145783,
      0.146479858627
    ],
    "O11qq*O8qt": [
      0.0,
      0.0,
      0.0,
      0.0,
      0.0,
      0.0,
      0.0,
      0.0,
      0.0,
      0.0,
      0.0,
      0.0,
      0.0,
      0.0,
      0.0,
      0.0
    ],
    "O11qq*O1qt": [
      0.797933308721,
      0.789424212006,
      0.806940737164,
      0.504713995547,
      1.1022791761600002,
      1.09703500883,
      1.05354255746,
      0.572530415333,
      0.772505460517,
      0.780018647921,
      0.7507844866440001,
      0.308030968473,
      0.22106043909200002,
      0.211954168542,
      0.170434942075,
      0.0385000699082
    ],
    "O83qq*O13qq": [
      0.0,
      0.0,
      0.0,
      0.0,
      0.0,
      0.0,
      0.0,
      0.0,
      0.0,
      0.0,
      0.0,
      0.0,
      0.0,
      0.0,
      0.0,
      0.0
    ],
    "O83qq*O8qt": [
      0.0144780289858,
      0.00498508535681,
      0.0285786653894,
      0.0375994923007,
      0.0114650568831,
      0.028798776212699998,
      0.0416651854715,
      0.0470095010043,
      0.0199493104167,
      0.0281892955609,
      0.0328464723104,
      0.0294445695887,
      0.0109252074515,
      0.011284568980499999,
      0.012885976010200001,
      0.00363419718098
    ],
    "O83qq*O1qt": [
      0.0,
      0.0,
      0.0,
      0.0,
      0.0,
      0.0,
      0.0,
      0.0,
      0.0,
      0.0,
      0.0,
      0.0,
      0.0,
      0.0,
      0.0,
      0.0
    ],
    "O13qq*O8qt": [
      0.0,
      0.0,
      0.0,
      0.0,
      0.0,
      0.0,
      0.0,
      0.0,
      0.0,
      0.0,
      0.0,
      0.0,
      0.0,
      0.0,
      0.0,
      0.0
    ],
    "O13qq*O1qt": [
      0.0556997087107,
      0.0951156632394,
      0.14668330544699998,
      0.16757109497,
      0.11818054961600001,
      0.148625651373,
      0.19883263878299998,
      0.212361133763,
      0.0797841599199,
      0.136968411244,
      0.16673868239599998,
      0.12651926996899998,
      0.019616295912499998,
      0.0530570456452,
      0.0598031634692,
      0.018787744093799998
    ],
    "O8qt*O1qt": [
      0.0,
      0.0,
      0.0,
      0.0,
      0.0,
      0.0,
      0.0,
      0.0,
      0.0,
      0.0,
      0.0,
      0.0,
      0.0,
      0.0,
      0.0,
      0.0
    ],
    "O8ut*O1ut": [
      0.0,
      0.0,
      0.0,
      0.0,
      0.0,
      0.0,
      0.0,
      0.0,
      0.0,
      0.0,
      0.0,
      0.0,
      0.0,
      0.0,
      0.0,
      0.0
    ],
    "O8ut*O8qu": [
      0.0884865631747,
      0.095858923111,
      0.10278150917500001,
      0.07362107566649999,
      0.133209592755,
      0.131771624201,
      0.13610954523500002,
      0.0863489907269,
      0.100021709707,
      0.10280883543399999,
      0.102648558695,
      0.0497053708061,
      0.028463936377500002,
      0.0288054387822,
      0.0256046405326,
      0.0056567517621700005
    ],
    "O8ut*O1qu": [
      0.0,
      0.0,
      0.0,
      0.0,
      0.0,
      0.0,
      0.0,
      0.0,
      0.0,
      0.0,
      0.0,
      0.0,
      0.0,
      0.0,
      0.0,
      0.0
    ],
    "O1ut*O8qu": [
      0.0,
      0.0,
      0.0,
      0.0,
      0.0,
      0.0,
      0.0,
      0.0,
      0.0,
      0.0,
      0.0,
      0.0,
      0.0,
      0.0,
      0.0,
      0.0
    ],
    "O1ut*O1qu": [
      0.452176107397,
      0.455409686507,
      0.443631630068,
      0.341576621114,
      0.5857088198579999,
      0.623623213714,
      0.636473357224,
      0.39871730140600004,
      0.426429232428,
      0.44696746585900005,
      0.48138896063200004,
      0.209500989611,
      0.127897781932,
      0.13278346721,
      0.112391485918,
      0.0270459669579
    ],
    "O8qu*O1qu": [
      0.0,
      0.0,
      0.0,
      0.0,
      0.0,
      0.0,
      0.0,
      0.0,
      0.0,
      0.0,
      0.0,
      0.0,
      0.0,
      0.0,
      0.0,
      0.0
    ],
    "O8dt*O1dt": [
      0.0,
      0.0,
      0.0,
      0.0,
      0.0,
      0.0,
      0.0,
      0.0,
      0.0,
      0.0,
      0.0,
      0.0,
      0.0,
      0.0,
      0.0,
      0.0
    ],
    "O8dt*O8qd": [
      0.0820393566368,
      0.0772066412691,
      0.0743973644525,
      0.0362393963964,
      0.115437323024,
      0.10823848558,
      0.0965800009436,
      0.038405147650000006,
      0.0795697457997,
      0.0782571039961,
      0.0621498649828,
      0.0191298720973,
      0.021119835612799998,
      0.017394681759,
      0.010606365592099999,
      0.0021838455816900002
    ],
    "O8dt*O1qd": [
      0.0,
      0.0,
      0.0,
      0.0,
      0.0,
      0.0,
      0.0,
      0.0,
      0.0,
      0.0,
      0.0,
      0.0,
      0.0,
      0.0,
      0.0,
      0.0
    ],
    "O1dt*O8qd": [
      0.0,
      0.0,
      0.0,
      0.0,
      0.0,
      0.0,
      0.0,
      0.0,
      0.0,
      0.0,
      0.0,
      0.0,
      0.0,
      0.0,
      0.0,
      0.0
    ],
    "O1dt*O1qd": [
      0.39540447416700003,
      0.366622875382,
      0.336975078805,
      0.162314848471,
      0.511457077879,
      0.48448564827199997,
      0.415717590622,
      0.174367556628,
      0.355581116378,
      0.350888498765,
      0.271176952135,
      0.0877314866822,
      0.100110864122,
      0.0755017712096,
      0.054066163113699994,
      0.0092931129983
    ],
    "O8qd*O1qd": [
      0.0,
      0.0,
      0.0,
      0.0,
      0.0,
      0.0,
      0.0,
      0.0,
      0.0,
      0.0,
      0.0,
      0.0,
      0.0,
      0.0,
      0.0,
      0.0
    ]
  },
  "NLO": {
    "SM": [
      661.9702381430001,
      593.317708377,
      469.218750031,
      174.16975309900002,
      714.950000033,
      631.106250038,
      487.256250029,
      152.870370382,
      328.42619049900003,
      286.277083351,
      202.504166679,
      49.867037040599996,
      33.9342016855,
      28.0943382366,
      17.6041176485,
      2.71127451013
    ],
    "OtG": [
      249.89858704136185,
      233.57066109182932,
      175.5333349129638,
      64.04822354604289,
      238.73519622021115,
      213.95191430163533,
      157.0737871403851,
      49.399852071599305,
      102.07829980873662,
      88.55814916018552,
      63.3388772730553,
      15.135541231913923,
      10.313475002506339,
      8.286126772463167,
      5.065676867445027,
      0.7915140661660397
    ],
    "O81qq": [
      4.29746688868,
      3.79747911289,
      3.90159474839,
      2.45239338306,
      5.45536333795,
      5.24323276528,
      4.3995766423000005,
      2.4745025823,
      2.9007070974399998,
      3.13560858228,
      2.9866448246100004,
      1.1893800805499999,
      0.793577737065,
      0.723829678583,
      0.561492111029,
      0.121213669706
    ],
    "O11qq": [
      -2.71053392452,
      -1.4027430702,
      -1.8921565577300001,
      -0.35311030699,
      -0.338911778919,
      0.08949258348620001,
      -1.2256223179799999,
      -0.25693686389,
      0.413114934259,
      -0.720610615331,
      0.489909411407,
      -0.0288979248739,
      0.15728212930299998,
      0.188216389262,
      0.115453154915,
      0.0564602553308
    ],
    "O83qq": [
      0.193367154717,
      0.728240281285,
      1.05855032627,
      0.721793715068,
      0.9038305435139999,
      0.89149649485,
      0.926402458264,
      0.924941780316,
      0.19916408871299998,
      0.233470761897,
      0.9269251956650001,
      0.44688987227599997,
      0.12978652331999999,
      0.159594107533,
      0.17158193650300002,
      0.0555720466604
    ],
    "O13qq": [
      -0.9260130778819999,
      0.573652321406,
      -0.5567884581729999,
      -0.421090282099,
      0.44890564183200005,
      -0.21337061762600001,
      -0.708361725228,
      -0.0439614233288,
      0.13375217891900001,
      -0.513003135208,
      -0.11260584844600001,
      -0.0236556886636,
      -0.0579119908548,
      0.0376044286804,
      0.17483159551,
      0.0389058158039
    ],
    "O8qt": [
      4.49297312571,
      4.51962595159,
      4.79785250507,
      2.67947739187,
      5.35909068491,
      5.41919085892,
      4.720871539149999,
      2.49257530616,
      3.1670030740999997,
      3.1743720022,
      2.6828112491800002,
      1.14116221199,
      0.5660131121490001,
      0.441451576879,
      0.442139969485,
      0.0887814540086
    ],
    "O1qt": [
      -0.7988585614070001,
      -0.109346347583,
      0.760791263242,
      0.11520715054899999,
      0.700642360405,
      0.237481897843,
      -1.18122664263,
      -0.11312434015600001,
      -0.327538784068,
      -0.12410459463399999,
      -0.416610209743,
      -0.27390219862099996,
      -0.0816187824323,
      -0.157061116655,
      -0.101548228718,
      -0.029431305275500003
    ],
    "O8ut": [
      2.42442174525,
      2.19467339382,
      2.3034133518,
      1.7173872024299999,
      2.8260092814,
      2.32809726805,
      2.5856798569199997,
      1.59270774474,
      1.74177483459,
      1.43194801425,
      1.76010582796,
      0.848432154318,
      0.447832417952,
      0.393391468111,
      0.37497025443299997,
      0.0919567891071
    ],
    "O1ut": [
      -1.16069287786,
      0.705655384184,
      -0.8481079988579999,
      0.00208023002454,
      -0.121616130231,
      0.348331720719,
      -0.7694645522169999,
      -0.112486921341,
      0.0896876252686,
      0.109930073112,
      0.110069024952,
      0.0631278829993,
      0.170895538347,
      -0.00505737084566,
      0.0342005162036,
      -0.00499839004034
    ],
    "O8qu": [
      2.69390316767,
      2.40377508053,
      2.48929524998,
      1.80872428061,
      2.67989272762,
      3.21763693575,
      2.90855461046,
      1.7943142860899999,
      1.57506442628,
      1.6856392554200001,
      1.8466120057200002,
      0.738189146271,
      0.32500511444,
      0.277187450781,
      0.326438132806,
      0.0715594009404
    ],
    "O1qu": [
      -0.713295978736,
      0.497879873411,
      0.980583720867,
      0.231961763035,
      -0.191209536196,
      0.129699384182,
      -0.9514677437100001,
      -0.22566578012799998,
      -0.172371240003,
      -0.555705016418,
      0.052928166569,
      -0.133572973555,
      -0.22700707665800002,
      -0.133743725191,
      -0.13969447081699998,
      -0.0228811375216
    ],
    "O8dt": [
      1.75227506094,
      1.71267791038,
      1.69677536443,
      0.771919148638,
      2.48425776624,
      2.3625529178600004,
      1.87666422428,
      0.667261344801,
      1.45535787347,
      1.28790168829,
      1.14587444599,
      0.332967464006,
      0.359427004386,
      0.28992598221399996,
      0.149623628881,
      0.0327488592261
    ],
    "O1dt": [
      -2.06504037091,
      -0.218220503533,
      -0.362401301248,
      -0.0767920314922,
      -0.401804600911,
      -0.23136318717200002,
      -0.554523796252,
      -0.138730304503,
      -0.367569344814,
      -0.268317164642,
      0.206686150158,
      -0.0290513076378,
      0.0640329547155,
      -0.019689389603999997,
      0.0506620356077,
      0.00869410629615
    ],
    "O8qd": [
      2.0748771525,
      2.21519939923,
      2.12227604256,
      0.752543745625,
      2.6165481055,
      2.43892547197,
      1.98247835401,
      0.820475393248,
      1.4866990874,
      1.21427973603,
      1.17236963018,
      0.342940310458,
      0.307594730615,
      0.19681875474799998,
      0.157945659084,
      0.0298747460353
    ],
    "O1qd": [
      -0.373971290869,
      -0.166269890658,
      0.0087950571394,
      -0.0963000867449,
      0.194047661202,
      0.6359742983119999,
      -0.320905052026,
      -0.14805403038,
      0.155593810352,
      -0.476198462276,
      0.144068155775,
      -0.135478380412,
      -0.0682879264542,
      -0.117729593694,
      -0.0681491575124,
      -0.00650644887189
    ],
    "OtG*OtG": [
      41.09605628821772,
      36.15524916958745,
      28.20499988476932,
      9.340131572761557,
      41.14598877914225,
      36.3225434761685,
      26.962137270873868,
      7.761046919688978,
      19.47696653595775,
      16.80945344951812,
      11.759816211658753,
      2.6479160688760945,
      2.434473706761163,
      1.9513374692654144,
      1.1770311780409715,
      0.16675062437040697
    ],
    "O81qq*O81qq": [
      0.173695246714,
      0.17051191762200002,
      0.145588858396,
      0.0731417225243,
      0.34944888094000004,
      0.33598341822,
      0.29188559345500004,
      0.130356811985,
      0.409955832279,
      0.38729107588399997,
      0.329447061028,
      0.114724055144,
      0.26732724983,
      0.236479842049,
      0.165695611006,
      0.0291448493069
    ],
    "O11qq*O11qq": [
      1.2808936605799999,
      1.202933994,
      1.0867004955700001,
      0.5743227687079999,
      2.16335810756,
      2.06418465313,
      1.81981449267,
      0.802526578268,
      2.35890853295,
      2.2486538113799996,
      1.9089513897000001,
      0.651536280135,
      1.47233311195,
      1.29329570358,
      0.904253403392,
      0.15433054628999998
    ],
    "O83qq*O83qq": [
      0.172644769565,
      0.163399694388,
      0.14644121105,
      0.0738604360016,
      0.353478700709,
      0.33119656386699997,
      0.286320213983,
      0.12602292498,
      0.39971494989100004,
      0.37578324394199997,
      0.315670842534,
      0.111491764376,
      0.24905291047200004,
      0.21959149165099998,
      0.155191742212,
      0.027478826265799998
    ],
    "O13qq*O13qq": [
      1.31254989348,
      1.22194207315,
      1.1218930246199998,
      0.577097612255,
      2.16566526905,
      2.09069342701,
      1.82443970222,
      0.8113720581780001,
      2.3739456362699998,
      2.23835449493,
      1.90837568479,
      0.6537267251150001,
      1.47715246324,
      1.29754713281,
      0.89820536721,
      0.153441511556
    ],
    "O8qt*O8qt": [
      0.19121796181800002,
      0.185272985131,
      0.163414654497,
      0.0806943556258,
      0.364809301983,
      0.34783010309400003,
      0.305923977366,
      0.131720353602,
      0.392771860271,
      0.367641227348,
      0.310373255013,
      0.105193913177,
      0.20936538476900002,
      0.185098788227,
      0.126366647619,
      0.0218344921755
    ],
    "O1qt*O1qt": [
      1.3682037870200001,
      1.27619116842,
      1.14061853746,
      0.599526917467,
      2.31912170641,
      2.19858583439,
      1.99535469821,
      0.8566022278309999,
      2.492597553,
      2.34877481239,
      2.01475786015,
      0.670972160669,
      1.4719026019399999,
      1.28798048223,
      0.8825462824070001,
      0.146701577617
    ],
    "O8ut*O8ut": [
      0.0997671926046,
      0.0941009732527,
      0.0852220467906,
      0.048970057645599994,
      0.196739110028,
      0.19228130871600002,
      0.17386607034899998,
      0.0870310690572,
      0.23149766778199998,
      0.22408598123200002,
      0.203433542726,
      0.079376220578,
      0.152340830211,
      0.14511052024600002,
      0.110697707187,
      0.0210723867586
    ],
    "O1ut*O1ut": [
      0.724829055123,
      0.699443178805,
      0.650151496683,
      0.38492620528,
      1.21034568017,
      1.18689834401,
      1.11044649361,
      0.564349338901,
      1.33747842931,
      1.31014096246,
      1.21434767849,
      0.462889172566,
