{
 "best_sm": [
  0.041549,
  0.116338,
  0.161972,
  0.174648,
  0.153099,
  0.121408,
  0.090035,
  0.064049,
  0.041549,
  0.025704,
  0.010176
 ],
 "theory_cov": [
  [
   2.0336186025e-06,
   5.64929707500001e-06,
   7.908160275e-06,
   8.81227597500002e-06,
   7.45681545000001e-06,
   6.10064190000001e-06,
   7.13025e-06,
   3.3893643375e-06,
   2.9374490925e-06,
   1.5817033575e-06,
   1.58173900875e-06
  ],
  [
   5.64929707500001e-06,
   1.569348225e-05,
   2.196849825e-05,
   2.448008925e-05,
   2.07146835e-05,
   1.6947297e-05,
   1.98075e-05,
   9.41549512499999e-06,
   8.16009577499999e-06,
   4.393897725e-06,
   4.3939967625e-06
  ],
  [
   7.908160275e-06,
   2.196849825e-05,
   3.07525702499999e-05,
   3.426841725e-05,
   2.89974195e-05,
   2.3723649e-05,
   2.77275e-05,
   1.3180267125e-05,
   1.1422898175e-05,
   6.15079132499999e-06,
   6.15092996249999e-06
  ],
  [
   8.81227597500002e-06,
   2.448008925e-05,
   3.426841725e-05,
   3.818622025e-05,
   3.23126055e-05,
   2.6435901e-05,
   3.08975e-05,
   1.4687126625e-05,
   1.2728843075e-05,
   6.853992425e-06,
   6.8541469125e-06
  ],
  [
   7.45681545000001e-06,
   2.07146835e-05,
   2.89974195e-05,
   3.23126055e-05,
   2.7342441e-05,
   2.2369662e-05,
   2.6145e-05,
   1.242802575e-05,
   1.077095565e-05,
   5.79974535e-06,
   5.799876075e-06
  ],
  [
   6.10064190000001e-06,
   1.6947297e-05,
   2.3723649e-05,
   2.6435901e-05,
   2.2369662e-05,
   1.8301284e-05,
   2.139e-05,
   1.01677365e-05,
   8.8120383e-06,
   4.7449437e-06,
   4.74505065e-06
  ],
  [
   7.13025e-06,
   1.98075e-05,
   2.77275e-05,
   3.08975e-05,
   2.6145e-05,
   2.139e-05,
   2.5e-05,
   1.188375e-05,
   1.029925e-05,
   5.54575e-06,
   5.545875e-06
  ],
  [
   3.3893643375e-06,
   9.41549512499999e-06,
   1.3180267125e-05,
   1.4687126625e-05,
   1.242802575e-05,
   1.01677365e-05,
   1.188375e-05,
   5.64894056249999e-06,
   4.89574848749999e-06,
   2.6361722625e-06,
   2.63623168125e-06
  ],
  [
   2.9374490925e-06,
   8.16009577499999e-06,
   1.1422898175e-05,
   1.2728843075e-05,
   1.077095565e-05,
   8.8120383e-06,
   1.029925e-05,
   4.89574848749999e-06,
   4.24298202249999e-06,
   2.2846826275e-06,
   2.28473412375e-06
  ],
  [
   1.5817033575e-06,
   4.393897725e-06,
   6.15079132499999e-06,
   6.853992425e-06,
   5.79974535e-06,
   4.7449437e-06,
   5.54575e-06,
   2.6361722625e-06,
   2.2846826275e-06,
   1.2302137225e-06,
   1.23024145125e-06
  ],
  [
   1.58173900875e-06,
   4.3939967625e-06,
   6.15092996249999e-06,
   6.8541469125e-06,
   5.799876075e-06,
   4.74505065e-06,
   5.545875e-06,
   2.63623168125e-06,
   2.28473412375e-06,
   1.23024145125e-06,
   1.230269180625e-06
  ]
 ],
 "LO": {
  "SM": [
   0.05638512819778926,
   0.17026697902248247,
   0.2316376415161216,
   0.22042185341397608,
   0.14630446438288372,
   0.08300348820994356,
   0.04572846543723435,
   0.025536718726339096,
   0.01327922686277766,
   0.005805917609552789,
   0.001630116620899373
  ],
  "OW": [
   -0.0006041647263054841,
   -0.0013205327439283839,
   -0.0012102798354905041,
   -0.000332034009647568,
   0.000545410974433901,
   0.0007748040082570717,
   0.0007103203334626705,
   0.0005811802476730086,
   0.0004309477276871721,
   0.00028068109623790487,
   0.00014194834131043627
  ],
  "OW*OW": [
   -1.0548126547467343e-05,
   -2.990046843104991e-05,
   -4.013982337519881e-05,
   -3.65040409372432e-05,
   -2.0526048009246233e-05,
   -1.1821981879387003e-06,
   1.5033155515839042e-05,
   2.64434979795605e-05,
   3.169120872171043e-05,
   3.446081538338166e-05,
   3.097068575379469e-05
  ],
  "OB": [
   6.461841494177186e-05,
   0.00013762252969944328,
   0.00011366680189520771,
   1.038570709209356e-05,
   -7.805190006578165e-05,
   -8.644922622079363e-05,
   -6.727236431226428e-05,
   -4.689874300066678e-05,
   -2.8914824161475517e-05,
   -1.413773118484277e-05,
   -4.4593432442263505e-06
  ],
  "OB*OB": [
   -1.6563343153903153e-07,
   -4.535388762716248e-07,
   -5.533976158976632e-07,
   -3.864225827721177e-07,
   -5.8390998925313134e-08,
   1.7271378846272845e-07,
   3.01643569812061e-07,
   3.481573224323683e-07,
   3.4304438052328413e-07,
   2.7549299471236286e-07,
   1.7263791561430733e-07
  ],
  "OWWW": [
   -0.0014034539172383994,
   -0.0029838336008309236,
   -0.0026275772506344362,
   -0.00046582797350288875,
   0.0015312774697429446,
   0.0019056542613435552,
   0.0015897370671561816,
   0.0011655610744745629,
   0.000749639178629098,
   0.0004025170674413821,
   0.00013530137876854322
  ],
  "OWWW*OWWW": [
   -0.0004583060349572262,
   -0.0012657241595410618,
   -0.001693779134420806,
   -0.0015969395580921555,
   -0.0009564022906601547,
   -0.00021180824508792293,
   0.0004431948845026919,
   0.0009434730866811899,
   0.0013509758942585998,
   0.0016346806791741378,
   0.0018043938719960496
  ],
  "OW*OB": [
   1.1704800805430534e-06,
   3.285112709844465e-06,
   4.182431660999358e-06,
   3.2533772702856047e-06,
   1.0911652404072458e-06,
   -9.931885691993668e-07,
   -2.4809693826584374e-06,
   -3.2317080292935665e-06,
   -2.9355878835815827e-06,
   -2.3105795727719104e-06,
   -1.0010507085406801e-06
  ],
  "OW*OWWW": [
   -3.207181200825786e-05,
   -9.028211839593371e-05,
   -0.00011723108071676695,
   -8.826478047900767e-05,
   -2.560507767516523e-05,
   2.7705888940026288e-05,
   6.861197973786222e-05,
   9.001924205492476e-05,
   9.768277927980126e-05,
   6.254205435874586e-05,
   6.153569064563203e-06
  ],
  "OB*OWWW": [
   6.61425148203907e-06,
   1.8581683568128524e-05,
   2.293360882366614e-05,
   1.8766170763812975e-05,
   7.6033666803993525e-06,
   -3.761550361190592e-06,
   -1.0119877367053145e-05,
   -7.4576361438229305e-06,
   -1.0058371330523948e-05,
   -2.0025507307106495e-05,
   -2.29584094976794e-05
  ]
 },
 "NLO": {
  "SM": [
   0.045238102629174826,
   0.12928302519357301,
   0.17672332172646887,
   0.19277413798990825,
   0.15546831588955942,
   0.11147921875801742,
   0.07625507248705662,
   0.052436318523427165,
   0.03382905825898494,
   0.019044594791756637,
   0.007468833752072775
  ],
  "OW": [
   -0.0007590607671750066,
   -0.0019038801246102231,
   -0.002044684635786336,
   -0.001140254596442899,
   0.0002892896182298575,
   0.0009964977198105795,
   0.0012085420902511461,
   0.0011532071689656035,
   0.001016361020961699,
   0.0007455518316699534,
   0.00043588638528145926
  ],
  "OW*OW": [
   -3.137596339431743e-05,
   -8.579738952986808e-05,
   -0.0001145276659726963,
   -0.00010622252216993313,
   -6.20957346261084e-05,
   -1.1574160518411405e-05,
   3.2388676157367695e-05,
   6.480343968381313e-05,
   9.35487215463499e-05,
   0.0001068421161961973,
   0.00011354766978986054
  ],
  "OB": [
   7.36595274516292e-05,
   0.00017200816177678988,
   0.00016676521193258274,
   4.881994770691688e-05,
   -8.697789725542739e-05,
   -0.00012077083155414456,
   -9.879709044125848e-05,
   -8.04628588876314e-05,
   -4.5802032424738214e-05,
   -2.306922232750639e-05,
   -5.191884107643388e-06
  ],
  "OB*OB": [
   -3.7189807570939363e-07,
   -1.0001036186866722e-06,
   -1.244584725473678e-06,
   -1.0253317915862512e-06,
   -3.077455927280368e-07,
   2.398277170228109e-07,
   6.474398517396753e-07,
   8.456546991684019e-07,
   8.918983862988444e-07,
   7.732225509237264e-07,
   5.452212864175953e-07
  ],
  "OWWW": [
   -0.0009761755893186322,
   -0.002417129523408567,
   -0.0018062207440713112,
   -6.156317014305365e-05,
   0.0017658769991685556,
   0.0019343113799648818,
   0.0015112885870936976,
   0.000780081909684699,
   6.661257662979708e-05,
   -0.0003428893412693354,
   -0.00044580445440094493
  ],
  "OWWW*OWWW": [
   -0.0009308177909334774,
   -0.002567831784760618,
   -0.00346614970705743,
   -0.003375907423025371,
   -0.002196924460315204,
   -0.0007665631953182141,
   0.0006102935125969896,
   0.0018184442875230184,
   0.0027949484548600006,
   0.0036899133460549355,
   0.004378170531206825
  ],
  "OW*OB": [
   3.85907355215619e-06,
   9.711712460578195e-06,
   1.3163904606203998e-05,
   1.0709597591113907e-05,
   4.016595244705674e-06,
   -1.9732961500814063e-06,
   -6.495123777472253e-06,
   -9.019722855613052e-06,
   -9.626096142870914e-06,
   -8.30924900877177e-06,
   -5.975653204930387e-06
  ],
  "OW*OWWW": [
   -9.811250333891541e-05,
   -0.00024618365665615276,
   -0.00032072307511570584,
   -0.0002681853026051282,
   -0.00011732858662289029,
   5.837242908152367e-05,
   0.00014833821478294311,
   0.0002209924122682262,
   0.00023207743770048926,
   0.00023078373614723958,
   0.00015847151375327328
  ],
  "OB*OWWW": [
   1.4294289100956727e-05,
   3.890360645168673e-05,
   4.87161666790036e-05,
   4.3012493518056636e-05,
   1.4691645736187866e-05,
   -7.365856742214499e-06,
   -2.4005934959405345e-05,
   -3.4478906135461184e-05,
   -3.599864326487598e-05,
   -3.273825412024164e-05,
   -2.481076667188439e-05
  ]
 }
}