{
  "best_sm": [
    0.023742,
    0.068362,
    0.097478,
    0.21333,
    0.17771,
    0.1278,
    0.087979,
    0.060455,
    0.058323,
    0.04352,
    0.041299
  ],
  "scales": [
    171.6474391453598,
    172.2290433264959,
    173.3863990201077,
    176.17560377407537,
    181.76315183545867,
    189.30885707002724,
    198.58963559350224,
    209.3748871406502,
    224.6393629023195,
    248.6721604143898,
    303.21253827168823
  ],
  "theory_cov_current": [
    [
      7.221550217278134e-10,
      2.096622197492942e-09,
      2.107177414811401e-09,
      2.185855207480624e-09,
      -2.107417095317911e-10,
      -1.1730219491790246e-09,
      -1.2845999567880963e-09,
      -1.1223015672288466e-09,
      -1.2487289982238585e-09,
      -1.05259781887015e-09,
      -1.019817841690852e-09
    ],
    [
      2.096622197492942e-09,
      6.4523837183541124e-09,
      6.870278698593997e-09,
      7.838817665118472e-09,
      -1.0692204114669743e-10,
      -3.621380550590681e-09,
      -4.210613511706155e-09,
      -3.773192455026226e-09,
      -4.269052381035998e-09,
      -3.647599154125663e-09,
      -3.629342185927877e-09
    ],
    [
      2.107177414811401e-09,
      6.870278698593997e-09,
      8.959122491668864e-09,
      1.2408893046223401e-08,
      1.8859081817061517e-09,
      -3.933105522782676e-09,
      -5.489598863320445e-09,
      -5.262836398843474e-09,
      -6.1894230797234855e-09,
      -5.458577941828479e-09,
      -5.897838026504775e-09
    ],
    [
      2.185855207480624e-09,
      7.838817665118472e-09,
      1.2408893046223401e-08,
      2.018808888457794e-08,
      5.181988540872455e-09,
      -4.581878747134899e-09,
      -7.753462396865892e-09,
      -7.809667031532163e-09,
      -9.468848463440243e-09,
      -8.528749523695172e-09,
      -9.661037181603721e-09
    ],
    [
      -2.107417095317911e-10,
      -1.0692204114669743e-10,
      1.8859081817061517e-09,
      5.181988540872455e-09,
      2.7612473147484927e-09,
      9.189115985137443e-11,
      -1.1661945121186558e-09,
      -1.5173540450480981e-09,
      -2.0910939650552084e-09,
      -2.0714596418821468e-09,
      -2.7572692823953252e-09
    ],
    [
      -1.1730219491790246e-09,
      -3.621380550590681e-09,
      -3.933105522782676e-09,
      -4.581878747134899e-09,
      9.189115985137443e-11,
      2.2349826642990247e-09,
      2.5373846068843033e-09,
      2.2202626065872854e-09,
      2.433698465867361e-09,
      1.9858540758426334e-09,
      1.8053131903555414e-09
    ],
    [
      -1.2845999567880963e-09,
      -4.210613511706155e-09,
      -5.489598863320445e-09,
      -7.753462396865892e-09,
      -1.1661945121186558e-09,
      2.5373846068843033e-09,
      3.491886351848701e-09,
      3.292217450797903e-09,
      3.824205010697885e-09,
      3.3075382801663098e-09,
      3.4512375404042063e-09
    ],
    [
      -1.1223015672288466e-09,
      -3.773192455026226e-09,
      -5.262836398843474e-09,
      -7.809667031532163e-09,
      -1.5173540450480981e-09,
      2.2202626065872854e-09,
      3.292217450797903e-09,
      3.1997712935923293e-09,
      3.7881741133654816e-09,
      3.3458226867921288e-09,
      3.639103346543459e-09
    ],
    [
      -1.2487289982238585e-09,
      -4.269052381035998e-09,
      -6.1894230797234855e-09,
      -9.468848463440243e-09,
      -2.0910939650552084e-09,
      2.433698465867361e-09,
      3.824205010697885e-09,
      3.7881741133654816e-09,
      4.5584699581424535e-09,
      4.089801000414364e-09,
      4.572798338990803e-09
    ],
    [
      -1.05259781887015e-09,
      -3.647599154125663e-09,
      -5.458577941828479e-09,
      -8.528749523695172e-09,
      -2.0714596418821468e-09,
      1.9858540758426334e-09,
      3.3075382801663098e-09,
      3.3458226867921288e-09,
      4.089801000414364e-09,
      3.733639145826574e-09,
      4.296328891358961e-09
    ],
    [
      -1.019817841690852e-09,
      -3.629342185927877e-09,
      -5.897838026504775e-09,
      -9.661037181603721e-09,
      -2.7572692823953252e-09,
      1.8053131903555414e-09,
      3.4512375404042063e-09,
      3.639103346543459e-09,
      4.572798338990803e-09,
      4.296328891358961e-09,
      5.200523210468359e-09
    ]
  ],
  "theory_cov_conservative": [
    [
      7.221550217278134e-10,
      2.096622197492942e-09,
      2.107177414811401e-09,
      2.185855207480624e-09,
      -2.107417095317911e-10,
      -1.1730219491790246e-09,
      -1.2845999567880963e-09,
      -1.1223015672288466e-09,
      -1.2487289982238585e-09,
      -1.05259781887015e-09,
      -1.019817841690852e-09
    ],
    [
      2.096622197492942e-09,
      6.4523837183541124e-09,
      6.870278698593997e-09,
      7.838817665118472e-09,
      -1.0692204114669743e-10,
      -3.621380550590681e-09,
      -4.210613511706155e-09,
      -3.773192455026226e-09,
      -4.269052381035998e-09,
      -3.647599154125663e-09,
      -3.629342185927877e-09
    ],
    [
      2.107177414811401e-09,
      6.870278698593997e-09,
      8.959122491668864e-09,
      1.2408893046223401e-08,
      1.8859081817061517e-09,
      -3.933105522782676e-09,
      -5.489598863320445e-09,
      -5.262836398843474e-09,
      -6.1894230797234855e-09,
      -5.458577941828479e-09,
      -5.897838026504775e-09
    ],
    [
      2.185855207480624e-09,
      7.838817665118472e-09,
      1.2408893046223401e-08,
      2.018808888457794e-08,
      5.181988540872455e-09,
      -4.581878747134899e-09,
      -7.753462396865892e-09,
      -7.809667031532163e-09,
      -9.468848463440243e-09,
      -8.528749523695172e-09,
      -9.661037181603721e-09
    ],
    [
      -2.107417095317911e-10,
      -1.0692204114669743e-10,
      1.8859081817061517e-09,
      5.181988540872455e-09,
      2.7612473147484927e-09,
      9.189115985137443e-11,
      -1.1661945121186558e-09,
      -1.5173540450480981e-09,
      -2.0910939650552084e-09,
      -2.0714596418821468e-09,
      -2.7572692823953252e-09
    ],
    [
      -1.1730219491790246e-09,
      -3.621380550590681e-09,
      -3.933105522782676e-09,
      -4.581878747134899e-09,
      9.189115985137443e-11,
      2.2349826642990247e-09,
      2.5373846068843033e-09,
      2.2202626065872854e-09,
      2.433698465867361e-09,
      1.9858540758426334e-09,
      1.8053131903555414e-09
    ],
    [
      -1.2845999567880963e-09,
      -4.210613511706155e-09,
      -5.489598863320445e-09,
      -7.753462396865892e-09,
      -1.1661945121186558e-09,
      2.5373846068843033e-09,
      3.491886351848701e-09,
      3.292217450797903e-09,
      3.824205010697885e-09,
      3.3075382801663098e-09,
      3.4512375404042063e-09
    ],
    [
      -1.1223015672288466e-09,
      -3.773192455026226e-09,
      -5.262836398843474e-09,
      -7.809667031532163e-09,
      -1.5173540450480981e-09,
      2.2202626065872854e-09,
      3.292217450797903e-09,
      3.1997712935923293e-09,
      3.7881741133654816e-09,
      3.3458226867921288e-09,
      3.639103346543459e-09
    ],
    [
      -1.2487289982238585e-09,
      -4.269052381035998e-09,
      -6.1894230797234855e-09,
      -9.468848463440243e-09,
      -2.0910939650552084e-09,
      2.433698465867361e-09,
      3.824205010697885e-09,
      3.7881741133654816e-09,
      4.5584699581424535e-09,
      4.089801000414364e-09,
      4.572798338990803e-09
    ],
    [
      -1.05259781887015e-09,
      -3.647599154125663e-09,
      -5.458577941828479e-09,
      -8.528749523695172e-09,
      -2.0714596418821468e-09,
      1.9858540758426334e-09,
      3.3075382801663098e-09,
      3.3458226867921288e-09,
      4.089801000414364e-09,
      3.733639145826574e-09,
      4.296328891358961e-09
    ],
    [
      -1.019817841690852e-09,
      -3.629342185927877e-09,
      -5.897838026504775e-09,
      -9.661037181603721e-09,
      -2.7572692823953252e-09,
      1.8053131903555414e-09,
      3.4512375404042063e-09,
      3.639103346543459e-09,
      4.572798338990803e-09,
      4.296328891358961e-09,
      5.200523210468359e-09
    ]
  ],
  "theory_cov_aggressive": [
    [
      7.221550217278134e-10,
      2.096622197492942e-09,
      2.107177414811401e-09,
      2.185855207480624e-09,
      -2.107417095317911e-10,
      -1.1730219491790246e-09,
      -1.2845999567880963e-09,
      -1.1223015672288466e-09,
      -1.2487289982238585e-09,
      -1.05259781887015e-09,
      -1.019817841690852e-09
    ],
    [
      2.096622197492942e-09,
      6.4523837183541124e-09,
      6.870278698593997e-09,
      7.838817665118472e-09,
      -1.0692204114669743e-10,
      -3.621380550590681e-09,
      -4.210613511706155e-09,
      -3.773192455026226e-09,
      -4.269052381035998e-09,
      -3.647599154125663e-09,
      -3.629342185927877e-09
    ],
    [
      2.107177414811401e-09,
      6.870278698593997e-09,
      8.959122491668864e-09,
      1.2408893046223401e-08,
      1.8859081817061517e-09,
      -3.933105522782676e-09,
      -5.489598863320445e-09,
      -5.262836398843474e-09,
      -6.1894230797234855e-09,
      -5.458577941828479e-09,
      -5.897838026504775e-09
    ],
    [
      2.185855207480624e-09,
      7.838817665118472e-09,
      1.2408893046223401e-08,
      2.018808888457794e-08,
      5.181988540872455e-09,
      -4.581878747134899e-09,
      -7.753462396865892e-09,
      -7.809667031532163e-09,
      -9.468848463440243e-09,
      -8.528749523695172e-09,
      -9.661037181603721e-09
    ],
    [
      -2.107417095317911e-10,
      -1.0692204114669743e-10,
      1.8859081817061517e-09,
      5.181988540872455e-09,
      2.7612473147484927e-09,
      9.189115985137443e-11,
      -1.1661945121186558e-09,
      -1.5173540450480981e-09,
      -2.0910939650552084e-09,
      -2.0714596418821468e-09,
      -2.7572692823953252e-09
    ],
    [
      -1.1730219491790246e-09,
      -3.621380550590681e-09,
      -3.933105522782676e-09,
      -4.581878747134899e-09,
      9.189115985137443e-11,
      2.2349826642990247e-09,
      2.5373846068843033e-09,
      2.2202626065872854e-09,
      2.433698465867361e-09,
      1.9858540758426334e-09,
      1.8053131903555414e-09
    ],
    [
      -1.2845999567880963e-09,
      -4.210613511706155e-09,
      -5.489598863320445e-09,
      -7.753462396865892e-09,
      -1.1661945121186558e-09,
      2.5373846068843033e-09,
      3.491886351848701e-09,
      3.292217450797903e-09,
      3.824205010697885e-09,
      3.3075382801663098e-09,
      3.4512375404042063e-09
    ],
    [
      -1.1223015672288466e-09,
      -3.773192455026226e-09,
      -5.262836398843474e-09,
      -7.809667031532163e-09,
      -1.5173540450480981e-09,
      2.2202626065872854e-09,
      3.292217450797903e-09,
      3.1997712935923293e-09,
      3.7881741133654816e-09,
      3.3458226867921288e-09,
      3.639103346543459e-09
    ],
    [
      -1.2487289982238585e-09,
      -4.269052381035998e-09,
      -6.1894230797234855e-09,
      -9.468848463440243e-09,
      -2.0910939650552084e-09,
      2.433698465867361e-09,
      3.824205010697885e-09,
      3.7881741133654816e-09,
      4.5584699581424535e-09,
      4.089801000414364e-09,
      4.572798338990803e-09
    ],
    [
      -1.05259781887015e-09,
      -3.647599154125663e-09,
      -5.458577941828479e-09,
      -8.528749523695172e-09,
      -2.0714596418821468e-09,
      1.9858540758426334e-09,
      3.3075382801663098e-09,
      3.3458226867921288e-09,
      4.089801000414364e-09,
      3.733639145826574e-09,
      4.296328891358961e-09
    ],
    [
      -1.019817841690852e-09,
      -3.629342185927877e-09,
      -5.897838026504775e-09,
      -9.661037181603721e-09,
      -2.7572692823953252e-09,
      1.8053131903555414e-09,
      3.4512375404042063e-09,
      3.639103346543459e-09,
      4.572798338990803e-09,
      4.296328891358961e-09,
      5.200523210468359e-09
    ]
  ],
  "LO": {
    "SM": [
      0.03553524205,
      0.1066511085,
      0.1453191986,
      0.2780992078,
      0.1860433714,
      0.1059536646,
      0.0583852015,
      0.03276671632,
      0.02552086339,
      0.01499420494,
      0.01073122074
    ],
    "O3pl1": [
      -5.602734202e-05,
      1.108827343e-06,
      7.527783834e-06,
      -2.418592061e-06,
      3.236910379e-05,
      -1.261355669e-05,
      3.988117459e-06,
      4.502169986e-06,
      1.017301861e-05,
      3.144530417e-06,
      8.245939328e-06
    ],
    "O3pl2": [
      -6.536343096e-06,
      -3.101244303e-05,
      1.90642072e-06,
      8.051289025e-05,
      -1.232277422e-05,
      -1.269600555e-05,
      -9.817745336e-06,
      -4.91777621e-06,
      -1.44205481e-06,
      -7.221968492e-06,
      3.547799776e-06
    ],
    "O3pq": [
      -0.0074173517,
      -0.01831540322,
      -0.01988744166,
      -0.02287718832,
      -4.946990582e-05,
      0.009886474506,
      0.01173205432,
      0.01038818072,
      0.01204845629,
      0.01088326419,
      0.01360842479
    ],
    "OWWW": [
      -0.002428001878,
      -0.005681042994,
      -0.005783270622,
      -0.005490663784,
      0.001532017822,
      0.003918313668,
      0.003757741966,
      0.00295785945,
      0.002967293118,
      0.002242489904,
      0.00200726335
    ],
    "Oll1221": [
      1.27040456e-05,
      2.907120954e-05,
      3.547137661e-05,
      -3.864832799e-05,
      -8.300307872e-06,
      -2.7500607e-05,
      -5.368037488e-06,
      -9.114279987e-06,
      8.495321597e-06,
      -7.697740235e-06,
      1.088734724e-05
    ],
    "OpD": [
      -5.469597891e-05,
      -1.137329991e-05,
      3.139549108e-06,
      3.342361268e-05,
      2.50323922e-05,
      3.481254423e-05,
      -1.150564661e-05,
      -4.277042782e-07,
      -1.285413714e-07,
      -1.706997004e-06,
      -1.656993014e-05
    ],
    "OpWB": [
      -0.0007691919716,
      -0.00172248971,
      -0.001683631881,
      -0.001362999309,
      0.0006386511666,
      0.001201250454,
      0.001073362332,
      0.0007924621248,
      0.0007728601753,
      0.0005637644366,
      0.0004959621818
    ],
    "Opdi": [
      -1.032234759e-07,
      -2.559930383e-07,
      -2.733113046e-07,
      -2.986052286e-07,
      1.958457232e-08,
      1.494245961e-07,
      1.631431589e-07,
      1.422077199e-07,
      1.584694908e-07,
      1.369950567e-07,
      1.613084527e-07
    ],
    "OpqMi": [
      0.0002999071452,
      0.0003788415361,
      0.0001093324531,
      -0.0002171585344,
      -0.000318840483,
      -0.0001841978149,
      -7.459032862e-05,
      -2.403056185e-05,
      -8.611819367e-06,
      2.023440799e-05,
      1.911399977e-05
    ],
    "O3pl1*O3pl1": [
      -6.440913627e-06,
      5.178435594e-07,
      1.034397893e-06,
      -2.190384275e-06,
      3.741655937e-06,
      -3.591235434e-07,
      -2.842052226e-07,
      1.519002302e-06,
      1.326642471e-06,
      4.292799925e-07,
      7.058045143e-07
    ],
    "O3pl1*O3pl2": [
      -6.182631988e-06,
      -4.296168868e-06,
      9.508104235e-07,
      1.24527763e-05,
      -4.207291254e-06,
      -5.606289918e-06,
      -1.401434973e-07,
      5.129950251e-07,
      1.460698125e-07,
      -6.121441803e-07,
      6.982018143e-06
    ],
    "O3pl1*O3pq": [
      -0.000388525279,
      -0.0009896428955,
      -0.001094639628,
      -0.001238875913,
      -2.707755569e-05,
      0.0005445051714,
      0.0006508067059,
      0.0005576188374,
      0.0006477863303,
      0.0005894444717,
      0.0007485997545
    ],
    "O3pl1*OWWW": [
      -0.0001311793977,
      -0.0003106247792,
      -0.0003148024989,
      -0.0002941943823,
      9.350209347e-05,
      0.0002093316719,
      0.0002133244348,
      0.0001411188917,
      0.0001775470952,
      8.943304482e-05,
      0.0001265438262
    ],
    "O3pl1*Oll1221": [
      1.675489008e-05,
      4.29036672e-06,
      5.386723077e-06,
      -6.257820196e-06,
      -1.340666089e-05,
      3.242262036e-06,
      7.006552364e-07,
      -4.309414293e-06,
      -2.741786006e-06,
      -2.009248408e-06,
      -1.649967366e-06
    ],
    "O3pl1*OpqMi": [
      1.55741288e-05,
      2.548549439e-05,
      9.202135597e-06,
      -1.619232288e-05,
      -2.659042256e-05,
      -6.327556564e-06,
      -1.974432086e-06,
      -1.425891079e-06,
      5.943870383e-07,
      7.073312764e-07,
      9.471480659e-07
    ],
    "O3pl2*O3pl2": [
      -7.089358474e-07,
      -3.891413422e-06,
      -1.180967295e-06,
      3.820950759e-06,
      -2.514175431e-06,
      -6.909164787e-07,
      1.365118924e-07,
      5.4562642e-07,
      1.225914771e-06,
      1.077683841e-06,
      2.17972079e-06
    ],
    "O3pl2*O3pq": [
      -0.0004492950134,
      -0.001086213845,
      -0.001189023045,
      -0.001375640313,
      1.045156095e-05,
      0.0006000047693,
      0.0007094957501,
      0.0006219530601,
      0.0007104591922,
      0.0006420564655,
      0.0008057514187
    ],
    "O3pl2*OWWW": [
      -0.0001478667362,
      -0.0003321691036,
      -0.0003337616775,
      -0.0003159829712,
      9.324857405e-05,
      0.0002335619504,
      0.0002250872171,
      0.0001687722881,
      0.0001732272158,
      0.0001277961546,
      0.0001080870883
    ],
    "O3pl2*Oll1221": [
      3.299693736e-06,
      9.323968954e-06,
      6.992174981e-06,
      -2.148051088e-05,
      -9.063510399e-07,
      1.744980902e-06,
      3.49893602e-06,
      -1.811487282e-06,
      -7.357910118e-08,
      3.187069206e-07,
      -9.065332127e-07
    ],
    "O3pl2*OpqMi": [
      1.990707467e-05,
      2.974038506e-05,
      6.362472981e-06,
      -2.416263548e-05,
      -2.615976827e-05,
      -7.524605099e-06,
      -3.761172124e-06,
      -1.721866358e-07,
      2.805908101e-06,
      1.331282156e-06,
      1.633244649e-06
    ],
    "O3pq*O3pq": [
      -0.0002331868816,
      -0.001904732402,
      -0.003793501972,
      -0.009816268538,
      -0.00782208582,
      -0.003996595547,
      -0.0008876638174,
      0.001147800822,
      0.003766382218,
      0.006534034665,
      0.01700581727
    ],
    "O3pq*OWWW": [
      -0.0003119120586,
      -0.001305269765,
      -0.002233252964,
      -0.004934472669,
      -0.002982430508,
      -0.0006773029531,
      0.0006592629536,
      0.001396632929,
      0.002426782559,
      0.002992773016,
      0.00496918946
    ],
    "O3pq*Oll1221": [
      0.0008993717811,
      0.002236918242,
      0.00241352997,
      0.00278047256,
      2.896388036e-06,
      -0.001176195077,
      -0.001425543639,
      -0.001286451247,
      -0.001491278893,
      -0.001308795572,
      -0.001644924513
    ],
    "OWWW*OWWW": [
      -0.00201061212,
      -0.00603870025,
      -0.008160697458,
      -0.0149958849,
      -0.008620475926,
      -0.002951448634,
      0.0005841287392,
      0.002629438802,
      0.00585186404,
      0.009361783501,
      0.02435060421
    ],
    "Oll1221*OWWW": [
      0.0002927906368,
      0.0006820895127,
      0.0007170913307,
      0.000671459257,
      -0.0002011458413,
      -0.0004763689261,
      -0.0004477819877,
      -0.000371347198,
      -0.000355700943,
      -0.000264056047,
      -0.0002470297942
    ],
    "Oll1221*Oll1221": [
      -3.578533687e-06,
      -6.959534985e-06,
      -1.184292779e-05,
      1.130375665e-05,
      5.822017411e-06,
      4.811165509e-06,
      -9.329647457e-07,
      2.936620998e-06,
      -1.348689277e-06,
      1.685706434e-06,
      -1.896616516e-06
    ],
    "OpD*O3pl1": [
      -4.162282932e-06,
      -1.338759613e-06,
      7.356899407e-06,
      8.041710775e-06,
      -3.822838495e-06,
      -1.685747398e-06,
      -4.25340654e-06,
      2.063628635e-07,
      9.690583661e-07,
      8.93786344e-07,
      -2.204782777e-06
    ],
    "OpD*O3pl2": [
      -7.807152371e-07,
      -3.855108243e-06,
      1.451895126e-06,
      3.438940106e-06,
      1.931065479e-06,
      1.152687978e-06,
      -9.482471835e-07,
      5.472225094e-07,
      -1.410127369e-06,
      -9.476751563e-07,
      -5.7993801e-07
    ],
    "OpD*O3pq": [
      1.802031699e-05,
      3.562276222e-05,
      6.208946815e-05,
      0.0001423292326,
      4.768483008e-05,
      2.41657421e-05,
      -4.900192128e-05,
      -3.920789481e-05,
      -7.21997419e-05,
      -6.897546372e-05,
      -0.0001005273304
    ],
    "OpD*OWWW": [
      1.445513124e-05,
      2.811431403e-05,
      2.818010167e-05,
      2.240763188e-05,
      -1.361428687e-06,
      -2.181146167e-05,
      -4.278917358e-06,
      -3.547376079e-05,
      -8.233907507e-06,
      -4.846928591e-05,
      2.64715831e-05
    ],
    "OpD*Oll1221": [
      1.325930142e-05,
      -6.215498116e-06,
      1.525942392e-06,
      -4.150466721e-06,
      -7.880653897e-06,
      -3.87278566e-06,
      8.64047315e-06,
      2.785896254e-06,
      -3.488549564e-06,
      -6.302390438e-07,
      2.657978191e-08
    ],
    "OpD*OpD": [
      2.18424053e-06,
      1.395635107e-06,
      4.337049984e-06,
      -2.309480364e-06,
      -2.413910383e-06,
      -2.522572744e-06,
      -1.078259121e-06,
      -8.058324258e-07,
      1.165485228e-06,
      4.439042116e-07,
      -3.962600239e-07
    ],
    "OpD*Opdi": [
      1.87897792e-06,
      2.96350841e-06,
      -5.395237822e-06,
      -2.813809407e-06,
      4.583562535e-07,
      -8.732890534e-07,
      2.963654242e-07,
      9.79166753e-07,
      -1.402737155e-06,
      3.718925353e-06,
      1.897733246e-07
    ],
    "OpD*OpqMi": [
      -3.384806439e-05,
      -4.18995561e-05,
      -1.15439784e-05,
      1.680047373e-05,
      3.281318987e-05,
      2.634232968e-05,
      1.28226155e-05,
      2.911853267e-06,
      -4.158440932e-07,
      -2.473669909e-06,
      -1.509349161e-06
    ],
    "OpWB*O3pl1": [
      -3.679207861e-05,
      -0.0001032193334,
      -8.788857066e-05,
      -7.178600634e-05,
      3.454813504e-05,
      6.280649452e-05,
      5.999690306e-05,
      4.28423785e-05,
      3.954260296e-05,
      3.198454615e-05,
      2.796492875e-05
    ],
    "OpWB*O3pl2": [
      -4.503579192e-05,
      -0.0001045847549,
      -0.0001009205995,
      -8.665294659e-05,
      4.062452624e-05,
      7.436008358e-05,
      6.479381375e-05,
      4.773465013e-05,
      4.554499777e-05,
      3.487007559e-05,
      2.926594579e-05
    ],
    "OpWB*O3pq": [
      0.0002439474679,
      0.0004449529315,
      0.000302592103,
      -0.0002373591642,
      -0.0006978699017,
      -0.0005405956862,
      -0.0003237871531,
      -9.410334152e-05,
      6.306050786e-05,
      0.000244442176,
      0.0005947200605
    ],
    "OpWB*OWWW": [
      -2.124724344e-05,
      -0.0001747009351,
      -0.0002935809246,
      -0.0007170072266,
      -0.0004673995248,
      -0.0001311304079,
      9.113455619e-05,
      0.0001821250209,
      0.0003512565735,
      0.0004515540464,
      0.0007289960654
    ],
    "OpWB*Oll1221": [
      0.0001028089739,
      0.0001972383956,
      0.0002113228016,
      0.0001597484706,
      -8.578980726e-05,
      -0.0001401562599,
      -0.000124713048,
      -9.362409697e-05,
      -9.096622521e-05,
      -6.817477457e-05,
      -6.769442979e-05
    ],
    "OpWB*OpD": [
      9.501363914e-06,
      7.367148384e-06,
      1.086352288e-05,
      4.954371672e-06,
      -1.11141392e-05,
      -9.76095379e-06,
      -7.044370215e-06,
      -3.104167925e-06,
      3.820570614e-08,
      -1.336581704e-06,
      -3.643997237e-07
    ],
    "OpWB*OpWB": [
      1.436357225e-05,
      1.574203075e-05,
      -1.039165684e-05,
      -7.291462138e-05,
      -7.565682673e-05,
      -4.021227507e-05,
      -6.143075233e-06,
      1.380736268e-05,
      3.374587909e-05,
      4.521568684e-05,
      8.244392365e-05
    ],
    "OpWB*Opdi": [
      2.369385209e-06,
      -1.368524497e-06,
      2.821853688e-06,
      -5.623160021e-06,
      -6.655028393e-07,
      3.800604436e-06,
      -1.739556802e-06,
      -1.31352257e-06,
      -2.848841178e-07,
      2.013880781e-06,
      -1.057326571e-08
    ],
    "OpWB*OpqMi": [
      -2.59577486e-05,
      -6.179182154e-06,
      4.441736529e-05,
      7.835952855e-05,
      2.854659395e-05,
      -3.275895628e-06,
      -2.532580815e-05,
      -2.428457241e-05,
      -2.413073687e-05,
      -2.374157513e-05,
      -1.842796885e-05
    ],
    "Opdi*O3pl1": [
      1.483126337e-06,
      4.764606165e-07,
      6.894416997e-07,
      -1.332925288e-07,
      -5.037989462e-07,
      -1.319305966e-06,
      5.46208515e-07,
      -1.341778634e-06,
      1.903562222e-07,
      -5.705550196e-07,
      4.831377037e-07
    ],
    "Opdi*O3pl2": [
      1.566089973e-07,
      -3.154921794e-07,
      -3.775619818e-07,
      1.794154282e-06,
      -1.056083483e-06,
      -8.94072697e-07,
      2.095398478e-07,
      5.10801179e-07,
      4.058665855e-07,
      -6.650779407e-07,
      2.3131739e-07
    ],
    "Opdi*O3pq": [
      -1.454207022e-05,
      -8.909747235e-06,
      -1.171932286e-05,
      1.02813339e-06,
      -1.395135202e-05,
      4.502137373e-05,
      -7.190646045e-06,
      -2.332155437e-05,
      -1.485037704e-05,
      9.210146963e-06,
      3.92254157e-05
    ],
    "Opdi*OWWW": [
      1.57876037e-08,
      3.7196151e-08,
      3.815769702e-08,
      3.698988049e-08,
      -8.907674762e-09,
      -2.532078795e-08,
      -2.454894872e-08,
      -2.001262538e-08,
      -1.936270295e-08,
      -1.514872626e-08,
      -1.48298662e-08
    ],
    "Opdi*Oll1221": [
      4.65815686e-07,
      1.480963009e-06,
      6.917705982e-06,
      -5.03372944e-06,
      -7.468378199e-06,
      2.158023774e-06,
      3.607939099e-06,
      -5.14912701e-07,
      -8.506059799e-07,
      -8.685359831e-07,
      1.057147524e-07
    ],
    "Opdi*Opdi": [
      5.89572625e-13,
      1.462100436e-12,
      1.560965939e-12,
      1.705270163e-12,
      -1.120775533e-13,
      -8.53577011e-13,
      -9.318469224e-13,
      -8.122180058e-13,
      -9.050280613e-13,
      -7.822991737e-13,
      -9.208624354e-13
    ],
    "Opdi*OpqMi": [
      -6.657421337e-06,
      -1.251243816e-06,
      2.429746328e-06,
      1.278069374e-06,
      -2.159811107e-06,
      1.85021874e-06,
      2.836570885e-06,
      4.054118031e-07,
      1.531142739e-06,
      -2.607878153e-07,
      -1.895794595e-09
    ],
    "OpqMi*O3pq": [
      0.0003469500595,
      0.0007400724438,
      0.0007884057404,
      0.0007619258251,
      -0.0001204431668,
      -0.0004191434813,
      -0.0004620265955,
      -0.0003748063763,
      -0.0004390412056,
      -0.0003798166251,
      -0.0004420766183
    ],
    "OpqMi*OWWW": [
      6.052373257e-05,
      0.0001723437956,
      0.0002217129015,
      0.0002194593277,
      -6.165954226e-05,
      -0.0001269071917,
      -0.0001260604466,
      -0.0001151350072,
      -9.379788268e-05,
      -7.795276889e-05,
      -7.252691808e-05
    ],
    "OpqMi*Oll1221": [
      -4.981406056e-05,
      -5.537874312e-05,
      -7.809284059e-06,
      3.77302637e-05,
      2.947951265e-05,
      3.506138597e-05,
      1.678425224e-05,
      1.305352189e-06,
      -6.067543833e-07,
      -2.717806548e-06,
      -4.034118075e-06
    ],
    "OpqMi*OpqMi": [
      9.073078052e-05,
      0.0001065303051,
      4.349585096e-05,
      -4.971017718e-05,
      -9.626217409e-05,
      -6.687082935e-05,
      -2.895706058e-05,
      -9.513267826e-06,
      -1.21119609e-06,
      5.050785238e-06,
      6.716983255e-06
    ]
  },
  "NLO_QCD": {
    "SM": [
      0.03117057252,
      0.08866546135,
      0.1229806967,
      0.2467554347,
      0.1805334537,
      0.1155205593,
      0.07222760145,
      0.04602000032,
      0.0413420901,
      0.02884717429,
      0.02593695554
    ],
    "O3pl1": [
      -1.302933168e-05,
      2.183928015e-05,
      -4.067749267e-05,
      1.786127188e-05,
      2.841322106e-05,
      -2.549888051e-05,
      -1.255284944e-05,
      -4.52340933e-06,
      2.955682009e-05,
      -1.355993656e-05,
      1.217130702e-05
    ],
    "O3pl2": [
      -0.000111945045,
      0.0001001943993,
      -1.921958302e-05,
      -4.212862867e-05,
      9.276767998e-05,
      -3.76590992e-05,
      7.718339606e-05,
      -5.429242694e-05,
      -1.385939136e-05,
      8.716879354e-06,
      2.418196038e-07
    ],
    "O3pq": [
      -0.004125914938,
      -0.009755555307,
      -0.0110000243,
      -0.01230793039,
      -9.826475829e-05,
      0.005335016709,
      0.006201326645,
      0.005869398524,
      0.00644294554,
      0.00584495106,
      0.007594051213
    ],
    "OWWW": [
      -0.0009355652036,
      -0.001851458195,
      -0.001502393134,
      -0.0001662990477,
      0.002217227364,
      0.002311739533,
      0.001454067303,
      0.0007375832182,
      0.0001048389001,
      -0.0006192568268,
      -0.00175048391
    ],
    "Oll1221": [
      -0.0001457001872,
      0.000657241117,
      -0.0004440912739,
      -5.375906318e-05,
      -0.0002443452245,
      0.0001697515741,
      -1.35864306e-05,
      7.182901678e-05,
      -2.319922525e-06,
      1.136139312e-05,
      -6.380999132e-06
    ],
    "OpD": [
      -0.0001307656277,
      -2.026978901e-05,
      0.0001053333463,
      -0.0002238335737,
      5.36988443e-05,
      1.757996104e-05,
      7.697994618e-05,
      1.63703625e-06,
      2.561480681e-05,
      7.717360567e-05,
      1.685144378e-05
    ],
    "OpWB": [
      -0.0004411538348,
      -0.0005333548278,
      -0.001083870584,
      -0.0006089206477,
      0.0004602064732,
      0.0005412519855,
      0.0006854377938,
      0.0003085541722,
      0.0003428918295,
      0.0002097551703,
      0.0001192024699
    ],
    "Opdi": [
      -4.288575731e-08,
      -1.272390632e-07,
      -1.312824528e-07,
      -1.380069668e-07,
      3.468611165e-08,
      7.745409255e-08,
      1.193838928e-07,
      3.005114108e-08,
      6.593450391e-08,
      5.301191884e-08,
      5.889257928e-08
    ],
    "OpqMi": [
      -0.0001281959776,
      0.0003332314154,
      0.0003057720291,
      0.001036536029,
      -0.0002475313195,
      -7.18679129e-06,
      -0.0003294927211,
      -0.000298910754,
      -0.0001808020548,
      -0.0001915977984,
      -0.0002918220573
    ],
    "O3pl1*O3pl1": [
      -3.669553568e-06,
      1.13873632e-05,
      -9.643494182e-06,
      -4.633858361e-06,
      8.238307067e-06,
      -4.433252388e-06,
      -2.101257367e-06,
      1.586570498e-07,
      5.483801889e-06,
      -2.354645346e-06,
      1.567932003e-06
    ],
    "O3pl1*O3pl2": [
      4.779475704e-06,
      -1.165859966e-05,
      2.123615222e-05,
      -3.483839298e-06,
      1.092211019e-06,
      -1.038690149e-05,
      1.2329163e-05,
      -8.272038914e-06,
      -1.858454366e-07,
      -3.220845159e-06,
      -2.228931987e-06
    ],
    "O3pl1*O3pq": [
      -0.0002390421388,
      -0.0005190666076,
      -0.0005653536989,
      -0.0007302203502,
      -8.802435464e-06,
      0.0002900621987,
      0.0003751396455,
      0.0003379083002,
      0.0002920730688,
      0.0003472955336,
      0.0004200064842
    ],
    "O3pl1*OWWW": [
      -5.873759913e-05,
      -9.603921194e-05,
      -8.332550413e-05,
      -3.896915505e-05,
      9.132871703e-05,
      0.0001606838902,
      9.174205026e-05,
      1.811949459e-05,
      1.364441255e-05,
      -7.143778814e-05,
      -2.700930624e-05
    ],
    "O3pl1*Oll1221": [
      -5.568515562e-06,
      5.642043913e-05,
      -4.814261494e-05,
      9.517786659e-07,
      -3.468379791e-05,
      2.695159083e-05,
      1.615462964e-05,
      1.031716825e-06,
      -1.046632427e-05,
      7.106566751e-07,
      -3.359559074e-06
    ],
    "O3pl1*OpqMi": [
      -3.583861805e-05,
      2.199719164e-05,
      2.695915514e-05,
      8.498234353e-05,
      -3.668293032e-05,
      2.522984824e-05,
      -3.703105396e-05,
      -2.132153366e-05,
      -2.794614686e-06,
      -1.126371215e-05,
      -1.42360757e-05
    ],
    "O3pl2*O3pl2": [
      -1.021777671e-05,
      8.486137093e-06,
      -2.51148586e-06,
      -5.597726111e-06,
      7.755589159e-06,
      -3.737914957e-06,
      7.779810888e-06,
      -4.453106558e-06,
      -2.952711308e-07,
      1.388421778e-06,
      1.40332241e-06
    ],
    "O3pl2*O3pq": [
      -0.000251860593,
      -0.0005673554426,
      -0.0007257482563,
      -0.0006925684133,
      -1.014486373e-05,
      0.0003376086795,
      0.0003537529649,
      0.0003886774818,
      0.0003372763533,
      0.0003772720103,
      0.0004530900791
    ],
    "O3pl2*OWWW": [
      -6.482303086e-05,
      -8.963898763e-05,
      -7.37273294e-05,
      -2.788731481e-05,
      0.0001383571103,
      0.0001382717414,
      9.822451314e-05,
      3.020602544e-05,
      4.153021169e-06,
      -4.464491655e-05,
      -0.0001084908322
    ],
    "O3pl2*Oll1221": [
      1.036095085e-05,
      4.33823378e-05,
      -3.961503005e-05,
      -7.826972414e-06,
      -3.727778518e-05,
      2.62773285e-05,
      -6.091112397e-06,
      1.317158667e-05,
      4.963819879e-07,
      -7.856949608e-06,
      4.979263839e-06
    ],
    "O3pl2*OpqMi": [
      -3.234023479e-05,
      4.95631864e-05,
      -4.218198988e-06,
      9.664274082e-05,
      -1.569572729e-05,
      -8.195505608e-06,
      -2.347804868e-05,
      -3.416145112e-05,
      4.30374608e-06,
      -1.237273335e-05,
      -2.004777347e-05
    ],
    "O3pq*O3pq": [
      -0.0004278137537,
      -0.002014541017,
      -0.003029778734,
      -0.007035120477,
      -0.005415498474,
      -0.002568639285,
      -0.0004289098062,
      0.0008556649574,
      0.003100541661,
      0.004736888865,
      0.01222720606
    ],
    "O3pq*OWWW": [
      -0.0006508968115,
      -0.001413014606,
      -0.00229055233,
      -0.004239038814,
      -0.00228662268,
      -0.000511331151,
      0.0009475997436,
      0.001401598227,
      0.002013598192,
      0.002703868751,
      0.00432479148
    ],
    "O3pq*Oll1221": [
      0.0005386937213,
      0.001044324662,
      0.00165990401,
      0.001206351821,
      0.0003156654804,
      -0.0008507530536,
      -0.000754378988,
      -0.0007674795814,
      -0.0008199357358,
      -0.0006834435552,
      -0.0008889487802
    ],
    "OWWW*OWWW": [
      -0.001302175854,
      -0.003681198683,
      -0.00500787357,
      -0.009509378033,
      -0.005872719238,
      -0.002432088258,
      -3.447740529e-05,
      0.001436869644,
      0.003654874151,
      0.006197104742,
      0.0165510625
    ],
    "Oll1221*OWWW": [
      0.0001223739918,
      0.0002622941232,
      0.0002243786393,
      -0.0001321336903,
      -0.0002549783645,
      -0.0002312497915,
      -0.0001654772184,
      -0.0001236607683,
      -4.307165147e-06,
      7.754150581e-05,
      0.0002252187381
    ],
    "Oll1221*Oll1221": [
      3.284959041e-05,
      -0.0001439965498,
      9.664907114e-05,
      2.248207002e-05,
      4.601056879e-05,
      -3.392410494e-05,
      -9.650982264e-06,
      -1.220089866e-05,
      7.109473069e-07,
      -3.73728297e-07,
      1.444016335e-06
    ],
    "OpD*O3pl1": [
      -7.12937577e-07,
      -1.034196737e-05,
      -2.559010045e-05,
      -9.475108406e-06,
      2.912679421e-05,
      1.022704583e-06,
      7.336539822e-06,
      -1.155521532e-06,
      3.079190099e-06,
      8.934167313e-06,
      -2.223760692e-06
    ],
    "OpD*O3pl2": [
      -1.758750463e-05,
      1.795602948e-05,
      4.960284865e-06,
      -2.926737238e-05,
      6.742881601e-06,
      3.368908303e-06,
      9.492225081e-06,
      -3.444407526e-06,
      -2.85155648e-07,
      7.88857855e-06,
      1.755322993e-07
    ],
    "OpD*O3pq": [
      -1.350354698e-05,
      0.0001157388255,
      -1.364418542e-05,
      -0.0001443973072,
      0.000111123996,
      4.887188026e-05,
      -3.79211747e-05,
      -5.492634228e-05,
      -0.0001663804965,
      7.436480199e-05,
      8.067354938e-05
    ],
    "OpD*OWWW": [
      1.339555921e-05,
      3.364144995e-05,
      -2.091203349e-05,
      1.980786376e-06,
      -6.934988713e-05,
      1.324466702e-05,
      -3.132954437e-07,
      -1.858893727e-05,
      -3.59229356e-05,
      -9.17069515e-07,
      8.374169589e-05
    ],
    "OpD*Oll1221": [
      2.281199874e-05,
      1.14852971e-05,
      -3.563043896e-05,
      3.463164233e-05,
      -2.680024657e-05,
      3.354425164e-05,
      -1.464875481e-05,
      1.447129018e-05,
      -1.621807153e-05,
      -1.402904297e-05,
      -9.617925146e-06
    ],
    "OpD*OpD": [
      6.556468649e-06,
      -4.677640542e-06,
      1.733273569e-05,
      -2.658270483e-06,
      4.9479553e-06,
      -5.044224591e-06,
      -3.094840715e-06,
      -3.522770352e-06,
      -2.915617839e-06,
      -2.935595739e-06,
      -3.988199373e-06
    ],
    "OpD*Opdi": [
      4.204287292e-06,
      1.953563416e-05,
      -2.281077263e-05,
      -6.88546115e-06,
      -3.030441875e-06,
      7.178376669e-06,
      4.134796963e-07,
      -6.039181036e-07,
      -5.637917274e-09,
      1.580972875e-06,
      4.234809809e-07
    ],
    "OpD*OpqMi": [
      -3.272857428e-05,
      -2.398202077e-05,
      -8.150393065e-05,
      -5.645754872e-05,
      5.767730509e-07,
      4.681907519e-05,
      2.135322129e-05,
      2.65657225e-05,
      3.141340825e-05,
      2.983136401e-05,
      3.811251013e-05
    ],
    "OpWB*O3pl1": [
      -7.954582825e-05,
      7.410637658e-06,
      -4.867895332e-05,
      -5.514318032e-05,
      6.685331419e-05,
      -1.727627097e-06,
      4.666872921e-05,
      2.750382274e-05,
      1.396435206e-05,
      1.971214403e-05,
      2.982589086e-06
    ],
    "OpWB*O3pl2": [
      -2.31994566e-05,
      -2.400587882e-05,
      -5.531720444e-05,
      -4.047389829e-05,
      2.099059931e-05,
      1.90638009e-05,
      4.678849412e-05,
      2.067635612e-05,
      1.939377916e-05,
      1.38002058e-05,
      2.283202748e-06
    ],
    "OpWB*O3pq": [
      1.469091831e-05,
      5.237438395e-05,
      0.0001792904885,
      -0.0005316172908,
      -0.0004470163813,
      -0.0003153166,
      -0.0001003879532,
      8.016329527e-05,
      0.0001294870176,
      0.0003890502008,
      0.000549281921
    ],
    "OpWB*OWWW": [
      -0.0002056556461,
      -6.303266762e-05,
      -0.0003110764419,
      -0.0005508738073,
      -0.0003986481091,
      -6.418371017e-05,
      8.628718365e-05,
      0.0001922659368,
      0.0003754111447,
      0.0003335173346,
      0.0006059887826
    ],
    "OpWB*Oll1221": [
      9.942939789e-05,
      -0.0001221103565,
      0.0002366259241,
      3.738768731e-05,
      8.794937083e-06,
      -7.037682724e-05,
      -8.861187243e-05,
      -9.240732613e-06,
      -5.169496078e-05,
      -1.93804203e-05,
      -2.082277652e-05
    ],
    "OpWB*OpD": [
      -4.742718353e-05,
      4.792693549e-05,
      4.462404453e-05,
      -3.513380548e-05,
      4.304578742e-05,
      -2.678939288e-05,
      -3.419230519e-06,
      -5.501866525e-06,
      8.808017946e-07,
      -1.241026519e-05,
      -5.79582511e-06
    ],
    "OpWB*OpWB": [
      2.14198057e-05,
      -2.8573196e-05,
      -2.083291977e-06,
      -4.565332501e-05,
      -5.313903843e-05,
      -9.077187288e-06,
      -1.428324771e-05,
      1.171920171e-05,
      2.274633698e-05,
      3.428379326e-05,
      6.264014876e-05
    ],
    "OpWB*Opdi": [
      -1.059730413e-05,
      3.157600259e-05,
      1.492592045e-07,
      -2.281700792e-05,
      6.114902422e-06,
      1.563914749e-06,
      -1.924823668e-05,
      1.238574539e-05,
      2.277486479e-06,
      -5.976534911e-07,
      -8.07108608e-07
    ],
    "OpWB*OpqMi": [
      -1.8646876e-05,
      -3.386906668e-05,
      -6.297209524e-05,
      -8.965651201e-05,
      2.073297495e-05,
      8.054392201e-07,
      2.076691517e-05,
      4.59510348e-05,
      3.533059596e-05,
      3.318970885e-05,
      4.836788098e-05
    ],
    "Opdi*O3pl1": [
      1.904025169e-07,
      4.432051341e-06,
      1.898393732e-06,
      -4.096726914e-07,
      -2.204257602e-06,
      1.269323667e-07,
      -1.057686727e-05,
      9.376142297e-06,
      -2.047089837e-06,
      6.744784984e-07,
      -1.460513354e-06
    ],
    "Opdi*O3pl2": [
      -8.60364501e-06,
      7.988994597e-06,
      -3.866204561e-06,
      -9.504964274e-07,
      4.245691723e-06,
      -1.213858015e-07,
