{
  "best_sm": [
    16.567157745361328,
    57.42973709106445,
    77.74867248535156,
    92.81581115722656,
    104.73187255859375,
    103.59354400634766,
    93.18763732910156,
    80.07426452636719,
    56.80809020996094,
    16.433019638061523
  ],
  "scales": [
    344.0,
    344.0,
    344.0,
    344.0,
    344.0,
    344.0,
    344.0,
    344.0,
    344.0,
    344.0
  ],
  "theory_cov_current": [
    [
      0.6762743331540606,
      0.964235254808919,
      0.8303267003535064,
      0.7914883158285383,
      0.7964702664180926,
      0.7748945202075951,
      0.7664891727551547,
      0.8622059565262956,
      0.9789606882261338,
      0.6625721719966855
    ],
    [
      0.964235254808919,
      2.1592457596978383,
      2.2726445820257,
      2.2993339439230676,
      2.3211024623516496,
      2.2699024641165995,
      2.254386662463787,
      2.3241327604276694,
      2.1782237269210154,
      0.9478038111509363
    ],
    [
      0.8303267003535064,
      2.2726445820257,
      2.793445560916802,
      3.107745434878044,
      3.3082415737607405,
      3.24647873048613,
      3.0645365342922686,
      2.8424692316761484,
      2.2858707181410516,
      0.8192015498801887
    ],
    [
      0.7914883158285383,
      2.2993339439230676,
      3.107745434878044,
      3.778753618063762,
      4.203299954285666,
      4.1541288165643175,
      3.7189551185824348,
      3.175614268505514,
      2.317358165316212,
      0.778710478032257
    ],
    [
      0.7964702664180926,
      2.3211024623516496,
      3.3082415737607405,
      4.203299954285666,
      4.826033898418025,
      4.7715941513978795,
      4.1491870241618605,
      3.3793450562278986,
      2.337218185264948,
      0.7835260821324814
    ],
    [
      0.7748945202075951,
      2.2699024641165995,
      3.24647873048613,
      4.1541288165643175,
      4.7715941513978795,
      4.727886572063053,
      4.095482942458164,
      3.3200377256164364,
      2.2871583040600654,
      0.7612246728914512
    ],
    [
      0.7664891727551547,
      2.254386662463787,
      3.0645365342922686,
      3.7189551185824348,
      4.1491870241618605,
      4.095482942458164,
      3.6695648263715324,
      3.127175006513511,
      2.26940068746506,
      0.7545689455925957
    ],
    [
      0.8622059565262956,
      2.3241327604276694,
      2.8424692316761484,
      3.175614268505514,
      3.3793450562278986,
      3.3200377256164364,
      3.127175006513511,
      2.89998981654039,
      2.3409876130073455,
      0.8490167704530067
    ],
    [
      0.9789606882261338,
      2.1782237269210154,
      2.2858707181410516,
      2.317358165316212,
      2.337218185264948,
      2.2871583040600654,
      2.26940068746506,
      2.3409876130073455,
      2.2002898668528084,
      0.961418957572822
    ],
    [
      0.6625721719966855,
      0.9478038111509363,
      0.8192015498801887,
      0.778710478032257,
      0.7835260821324814,
      0.7612246728914512,
      0.7545689455925957,
      0.8490167704530067,
      0.961418957572822,
      0.6497005463484883
    ]
  ],
  "theory_cov_conservative": [
    [
      0.6762743331540606,
      0.964235254808919,
      0.8303267003535064,
      0.7914883158285383,
      0.7964702664180926,
      0.7748945202075951,
      0.7664891727551547,
      0.8622059565262956,
      0.9789606882261338,
      0.6625721719966855
    ],
    [
      0.964235254808919,
      2.1592457596978383,
      2.2726445820257,
      2.2993339439230676,
      2.3211024623516496,
      2.2699024641165995,
      2.254386662463787,
      2.3241327604276694,
      2.1782237269210154,
      0.9478038111509363
    ],
    [
      0.8303267003535064,
      2.2726445820257,
      2.793445560916802,
      3.107745434878044,
      3.3082415737607405,
      3.24647873048613,
      3.0645365342922686,
      2.8424692316761484,
      2.2858707181410516,
      0.8192015498801887
    ],
    [
      0.7914883158285383,
      2.2993339439230676,
      3.107745434878044,
      3.778753618063762,
      4.203299954285666,
      4.1541288165643175,
      3.7189551185824348,
      3.175614268505514,
      2.317358165316212,
      0.778710478032257
    ],
    [
      0.7964702664180926,
      2.3211024623516496,
      3.3082415737607405,
      4.203299954285666,
      4.826033898418025,
      4.7715941513978795,
      4.1491870241618605,
      3.3793450562278986,
      2.337218185264948,
      0.7835260821324814
    ],
    [
      0.7748945202075951,
      2.2699024641165995,
      3.24647873048613,
      4.1541288165643175,
      4.7715941513978795,
      4.727886572063053,
      4.095482942458164,
      3.3200377256164364,
      2.2871583040600654,
      0.7612246728914512
    ],
    [
      0.7664891727551547,
      2.254386662463787,
      3.0645365342922686,
      3.7189551185824348,
      4.1491870241618605,
      4.095482942458164,
      3.6695648263715324,
      3.127175006513511,
      2.26940068746506,
      0.7545689455925957
    ],
    [
      0.8622059565262956,
      2.3241327604276694,
      2.8424692316761484,
      3.175614268505514,
      3.3793450562278986,
      3.3200377256164364,
      3.127175006513511,
      2.89998981654039,
      2.3409876130073455,
      0.8490167704530067
    ],
    [
      0.9789606882261338,
      2.1782237269210154,
      2.2858707181410516,
      2.317358165316212,
      2.337218185264948,
      2.2871583040600654,
      2.26940068746506,
      2.3409876130073455,
      2.2002898668528084,
      0.961418957572822
    ],
    [
      0.6625721719966855,
      0.9478038111509363,
      0.8192015498801887,
      0.778710478032257,
      0.7835260821324814,
      0.7612246728914512,
      0.7545689455925957,
      0.8490167704530067,
      0.961418957572822,
      0.6497005463484883
    ]
  ],
  "theory_cov_aggressive": [
    [
      0.6762743331540606,
      0.964235254808919,
      0.8303267003535064,
      0.7914883158285383,
      0.7964702664180926,
      0.7748945202075951,
      0.7664891727551547,
      0.8622059565262956,
      0.9789606882261338,
      0.6625721719966855
    ],
    [
      0.964235254808919,
      2.1592457596978383,
      2.2726445820257,
      2.2993339439230676,
      2.3211024623516496,
      2.2699024641165995,
      2.254386662463787,
      2.3241327604276694,
      2.1782237269210154,
      0.9478038111509363
    ],
    [
      0.8303267003535064,
      2.2726445820257,
      2.793445560916802,
      3.107745434878044,
      3.3082415737607405,
      3.24647873048613,
      3.0645365342922686,
      2.8424692316761484,
      2.2858707181410516,
      0.8192015498801887
    ],
    [
      0.7914883158285383,
      2.2993339439230676,
      3.107745434878044,
      3.778753618063762,
      4.203299954285666,
      4.1541288165643175,
      3.7189551185824348,
      3.175614268505514,
      2.317358165316212,
      0.778710478032257
    ],
    [
      0.7964702664180926,
      2.3211024623516496,
      3.3082415737607405,
      4.203299954285666,
      4.826033898418025,
      4.7715941513978795,
      4.1491870241618605,
      3.3793450562278986,
      2.337218185264948,
      0.7835260821324814
    ],
    [
      0.7748945202075951,
      2.2699024641165995,
      3.24647873048613,
      4.1541288165643175,
      4.7715941513978795,
      4.727886572063053,
      4.095482942458164,
      3.3200377256164364,
      2.2871583040600654,
      0.7612246728914512
    ],
    [
      0.7664891727551547,
      2.254386662463787,
      3.0645365342922686,
      3.7189551185824348,
      4.1491870241618605,
      4.095482942458164,
      3.6695648263715324,
      3.127175006513511,
      2.26940068746506,
      0.7545689455925957
    ],
    [
      0.8622059565262956,
      2.3241327604276694,
      2.8424692316761484,
      3.175614268505514,
      3.3793450562278986,
      3.3200377256164364,
      3.127175006513511,
      2.89998981654039,
      2.3409876130073455,
      0.8490167704530067
    ],
    [
      0.9789606882261338,
      2.1782237269210154,
      2.2858707181410516,
      2.317358165316212,
      2.337218185264948,
      2.2871583040600654,
      2.26940068746506,
      2.3409876130073455,
      2.2002898668528084,
      0.961418957572822
    ],
    [
      0.6625721719966855,
      0.9478038111509363,
      0.8192015498801887,
      0.778710478032257,
      0.7835260821324814,
      0.7612246728914512,
      0.7545689455925957,
      0.8490167704530067,
      0.961418957572822,
      0.6497005463484883
    ]
  ],
  "LO": {
    "SM": [
      9.918865,
      33.64854,
      45.99384333,
      54.27947333,
      58.63405,
      58.48969,
      54.08181667,
      45.85027333,
      33.6236225,
      9.950431667
    ],
    "O11qq": [
      0.0,
      0.0,
      0.0,
      0.0,
      0.0,
      0.0,
      0.0,
      0.0,
      0.0,
      0.0
    ],
    "O13qq": [
      0.0,
      0.0,
      0.0,
      0.0,
      0.0,
      0.0,
      0.0,
      0.0,
      0.0,
      0.0
    ],
    "O1dt": [
      0.0,
      0.0,
      0.0,
      0.0,
      0.0,
      0.0,
      0.0,
      0.0,
      0.0,
      0.0
    ],
    "O1qd": [
      0.0,
      0.0,
      0.0,
      0.0,
      0.0,
      0.0,
      0.0,
      0.0,
      0.0,
      0.0
    ],
    "O1qt": [
      0.0,
      0.0,
      0.0,
      0.0,
      0.0,
      0.0,
      0.0,
      0.0,
      0.0,
      0.0
    ],
    "O1qu": [
      0.0,
      0.0,
      0.0,
      0.0,
      0.0,
      0.0,
      0.0,
      0.0,
      0.0,
      0.0
    ],
    "O1ut": [
      0.0,
      0.0,
      0.0,
      0.0,
      0.0,
      0.0,
      0.0,
      0.0,
      0.0,
      0.0
    ],
    "O81qq": [
      0.297385025,
      0.7841185,
      0.9298221333,
      0.9963587333,
      1.0212948,
      1.017142733,
      1.002447233,
      0.9282681667,
      0.787512125,
      0.2970148667
    ],
    "O83qq": [
      0.1230984667,
      0.19815607,
      0.1490460233,
      0.08798073667,
      0.05191746,
      0.05951978667,
      0.08726187667,
      0.1427614467,
      0.1994751125,
      0.11929145
    ],
    "O8dt": [
      0.089259525,
      0.29717225,
      0.3971074,
      0.4581518667,
      0.4873873333,
      0.4877391333,
      0.4579986,
      0.3938305667,
      0.299490525,
      0.0895894
    ],
    "O8qd": [
      0.0889987,
      0.297802975,
      0.3977191333,
      0.4562618333,
      0.484862,
      0.4891185,
      0.4580581,
      0.3991115333,
      0.298820425,
      0.08811355833
    ],
    "O8qt": [
      0.29708655,
      0.781529025,
      0.9330738667,
      0.9937807667,
      1.0234663,
      1.0230178,
      0.9968554667,
      0.930925,
      0.781736225,
      0.298093175
    ],
    "O8qu": [
      0.2096670917,
      0.489121025,
      0.5392226333,
      0.5497100333,
      0.5379295,
      0.540654,
      0.5430309667,
      0.5387038,
      0.491094375,
      0.209648375
    ],
    "O8ut": [
      0.2087096667,
      0.489642325,
      0.5368326333,
      0.5454940667,
      0.5375136,
      0.5374379333,
      0.5429302,
      0.5411281667,
      0.494250025,
      0.2070744833
    ],
    "OtG": [
      3.111086083,
      10.75586125,
      14.59696433,
      17.289059,
      18.80465533,
      18.717838,
      17.338203,
      14.63962833,
      10.70289625,
      3.126397917
    ],
    "O11qq*O11qq": [
      0.1028593,
      0.431595225,
      0.6483244,
      0.8000342,
      0.8696050333,
      0.8707850333,
      0.7988568333,
      0.6493706667,
      0.4355321,
      0.10233055
    ],
    "O11qq*O13qq": [
      0.09095749167,
      0.288498075,
      0.3341515333,
      0.2864547267,
      0.2225772267,
      0.2140733133,
      0.29560202,
      0.3270308367,
      0.283722925,
      0.09274636667
    ],
    "O11qq*O81qq": [
      0.0,
      0.0,
      0.0,
      0.0,
      0.0,
      0.0,
      0.0,
      0.0,
      0.0,
      0.0
    ],
    "O11qq*O83qq": [
      0.0,
      0.0,
      0.0,
      0.0,
      0.0,
      0.0,
      0.0,
      0.0,
      0.0,
      0.0
    ],
    "O13qq*O13qq": [
      0.1023042667,
      0.432959325,
      0.6520613,
      0.8026197667,
      0.8677649,
      0.8701178333,
      0.7968518333,
      0.6478738333,
      0.433138425,
      0.10269175
    ],
    "O13qq*O81qq": [
      0.0,
      0.0,
      0.0,
      0.0,
      0.0,
      0.0,
      0.0,
      0.0,
      0.0,
      0.0
    ],
    "O13qq*O83qq": [
      0.0,
      0.0,
      0.0,
      0.0,
      0.0,
      0.0,
      0.0,
      0.0,
      0.0,
      0.0
    ],
    "O1dt*O11qq": [
      -0.0003040715417,
      0.001347030375,
      -0.001362075267,
      0.004481720667,
      0.0002401109,
      0.001754127633,
      -0.002398280733,
      -0.0004105064667,
      -0.0036060225,
      0.000838592
    ],
    "O1dt*O13qq": [
      -0.000189109125,
      -0.001295048225,
      0.0006484522333,
      -0.003865141333,
      0.005640528667,
      0.001739877267,
      0.006602784,
      -0.005515093667,
      0.00262960275,
      -0.0001692647167
    ],
    "O1dt*O1dt": [
      0.02822253583,
      0.1462649025,
      0.24545689,
      0.3313033033,
      0.3810671667,
      0.3810821333,
      0.3326995767,
      0.24781068,
      0.14548136,
      0.02804000917
    ],
    "O1dt*O1qt": [
      0.0001492568583,
      -0.0003979223,
      0.002804992233,
      0.002188268467,
      0.0003088084,
      0.005163305,
      -0.005158055,
      -0.004022798333,
      0.000753698825,
      0.0003994807333
    ],
    "O1dt*O1ut": [
      0.001024465,
      -0.0016717541,
      0.0007592451,
      -0.00025012599,
      0.0004754657667,
      -0.003054367133,
      0.0012633113,
      -0.003833003,
      -3.6795135e-05,
      0.00023576835
    ],
    "O1dt*O81qq": [
      0.0,
      0.0,
      0.0,
      0.0,
      0.0,
      0.0,
      0.0,
      0.0,
      0.0,
      0.0
    ],
    "O1dt*O83qq": [
      0.0,
      0.0,
      0.0,
      0.0,
      0.0,
      0.0,
      0.0,
      0.0,
      0.0,
      0.0
    ],
    "O1dt*O8dt": [
      0.0,
      0.0,
      0.0,
      0.0,
      0.0,
      0.0,
      0.0,
      0.0,
      0.0,
      0.0
    ],
    "O1dt*O8qt": [
      0.0,
      0.0,
      0.0,
      0.0,
      0.0,
      0.0,
      0.0,
      0.0,
      0.0,
      0.0
    ],
    "O1dt*O8ut": [
      0.0,
      0.0,
      0.0,
      0.0,
      0.0,
      0.0,
      0.0,
      0.0,
      0.0,
      0.0
    ],
    "O1qd*O11qq": [
      -0.001724490333,
      0.0032973895,
      0.001242753267,
      2.033964e-05,
      0.0006686986667,
      -0.003096687367,
      -0.003962128,
      0.006296099667,
      -0.00406355625,
      0.0006266360667
    ],
    "O1qd*O13qq": [
      -0.0007913719917,
      -0.00069743795,
      -0.001739611133,
      -0.002219770333,
      0.005950233667,
      -6.822758e-05,
      -0.004749285667,
      0.005723687333,
      -0.00291221675,
      -0.0004613617
    ],
    "O1qd*O1dt": [
      0.01986623667,
      0.065378615,
      0.1040928,
      0.1039185933,
      0.12218432,
      0.11667735,
      0.1063558667,
      0.09715849333,
      0.07065064,
      0.020383105
    ],
    "O1qd*O1qd": [
      0.02891740167,
      0.146280435,
      0.24478297,
      0.33092736,
      0.3812834667,
      0.3808911,
      0.3339654,
      0.2454593133,
      0.146768025,
      0.02815614667
    ],
    "O1qd*O1qt": [
      -0.0008921010833,
      0.00171066525,
      -0.002130271733,
      0.0004852328,
      0.003355988333,
      0.004929057,
      -0.005425399333,
      0.0010155425,
      -0.001621458525,
      0.000949616
    ],
    "O1qd*O1qu": [
      -0.0002940841083,
      -0.003113224,
      0.003796729,
      -0.004256665333,
      0.001168378067,
      -4.856128667e-05,
      -0.007518511,
      0.001336831167,
      -0.0025210025,
      -0.0001463834333
    ],
    "O1qd*O1ut": [
      0.000279835675,
      -0.00322532975,
      0.001597482633,
      -0.0001770611667,
      0.001181504733,
      0.001269279133,
      0.001672740367,
      -0.001773449833,
      0.000858231275,
      -0.0009384178333
    ],
    "O1qd*O81qq": [
      0.0,
      0.0,
      0.0,
      0.0,
      0.0,
      0.0,
      0.0,
      0.0,
      0.0,
      0.0
    ],
    "O1qd*O83qq": [
      0.0,
      0.0,
      0.0,
      0.0,
      0.0,
      0.0,
      0.0,
      0.0,
      0.0,
      0.0
    ],
    "O1qd*O8dt": [
      0.0,
      0.0,
      0.0,
      0.0,
      0.0,
      0.0,
      0.0,
      0.0,
      0.0,
      0.0
    ],
    "O1qd*O8qt": [
      0.0,
      0.0,
      0.0,
      0.0,
      0.0,
      0.0,
      0.0,
      0.0,
      0.0,
      0.0
    ],
    "O1qd*O8qu": [
      0.0,
      0.0,
      0.0,
      0.0,
      0.0,
      0.0,
      0.0,
      0.0,
      0.0,
      0.0
    ],
    "O1qd*O8ut": [
      0.0,
      0.0,
      0.0,
      0.0,
      0.0,
      0.0,
      0.0,
      0.0,
      0.0,
      0.0
    ],
    "O1qt*O11qq": [
      0.07039583417,
      0.1885031975,
      0.2411121967,
      0.2409081067,
      0.25000307,
      0.26714814,
      0.25226036,
      0.2269029567,
      0.1911818325,
      0.06735587167
    ],
    "O1qt*O13qq": [
      0.02905484417,
      0.0476955175,
      0.03257055467,
      0.03346364333,
      0.01881944933,
      0.01955392933,
      0.024415421,
      0.0449706,
      0.04586944,
      0.02873980917
    ],
    "O1qt*O1qt": [
      0.10211555,
      0.433524825,
      0.6493801667,
      0.8008434,
      0.8722669667,
      0.8635174,
      0.8011869333,
      0.6540148,
      0.433527525,
      0.101808125
    ],
    "O1qt*O1ut": [
      0.0002861126833,
      -0.002662723,
      -0.002455957333,
      -0.0009965874333,
      -0.005151141,
      0.004931165,
      0.001300101667,
      -0.006360268,
      -0.0001250552525,
      0.00096235325
    ],
    "O1qt*O81qq": [
      0.0,
      0.0,
      0.0,
      0.0,
      0.0,
      0.0,
      0.0,
      0.0,
      0.0,
      0.0
    ],
    "O1qt*O83qq": [
      0.0,
      0.0,
      0.0,
      0.0,
      0.0,
      0.0,
      0.0,
      0.0,
      0.0,
      0.0
    ],
    "O1qt*O8qt": [
      0.0,
      0.0,
      0.0,
      0.0,
      0.0,
      0.0,
      0.0,
      0.0,
      0.0,
      0.0
    ],
    "O1qt*O8ut": [
      0.0,
      0.0,
      0.0,
      0.0,
      0.0,
      0.0,
      0.0,
      0.0,
      0.0,
      0.0
    ],
    "O1qu*O11qq": [
      -0.0008464025833,
      -0.000901882575,
      0.01180008367,
      0.009644725,
      0.006792735333,
      -0.005017088333,
      -0.006123747667,
      -0.002337211233,
      -0.002476819075,
      3.201190833e-05
    ],
    "O1qu*O13qq": [
      0.0005784847,
      -0.00807298975,
      0.0009315136,
      0.002171917533,
      0.003613256667,
      -0.0004217981667,
      0.0005061345667,
      0.001777563167,
      -0.002350579225,
      -0.0007954004
    ],
    "O1qu*O1dt": [
      0.00022595315,
      -0.001116990675,
      -0.0004995214,
      0.0017564057,
      -0.0002944980367,
      0.0018398427,
      -0.006457841,
      -0.002543470233,
      -0.002142912,
      0.0004892056083
    ],
    "O1qu*O1qt": [
      0.000973785,
      -0.00494715625,
      -0.0004918215667,
      0.0029754107,
      -0.002824793967,
      0.0007467231667,
      -0.0014759056,
      -0.003060379433,
      -0.001205749675,
      0.0008441900833
    ],
    "O1qu*O1qu": [
      0.07405098417,
      0.289629575,
      0.4047226667,
      0.4723105,
      0.4896330667,
      0.4928328333,
      0.4744927,
      0.4075993,
      0.2896312,
      0.0738514
    ],
    "O1qu*O1ut": [
      0.05068136167,
      0.117460565,
      0.1431669933,
      0.13378747,
      0.14150594,
      0.1291273467,
      0.1328534633,
      0.1237670033,
      0.1173030575,
      0.04964407667
    ],
    "O1qu*O81qq": [
      0.0,
      0.0,
      0.0,
      0.0,
      0.0,
      0.0,
      0.0,
      0.0,
      0.0,
      0.0
    ],
    "O1qu*O83qq": [
      0.0,
      0.0,
      0.0,
      0.0,
      0.0,
      0.0,
      0.0,
      0.0,
      0.0,
      0.0
    ],
    "O1qu*O8dt": [
      0.0,
      0.0,
      0.0,
      0.0,
      0.0,
      0.0,
      0.0,
      0.0,
      0.0,
      0.0
    ],
    "O1qu*O8qt": [
      0.0,
      0.0,
      0.0,
      0.0,
      0.0,
      0.0,
      0.0,
      0.0,
      0.0,
      0.0
    ],
    "O1qu*O8qu": [
      0.0,
      0.0,
      0.0,
      0.0,
      0.0,
      0.0,
      0.0,
      0.0,
      0.0,
      0.0
    ],
    "O1qu*O8ut": [
      0.0,
      0.0,
      0.0,
      0.0,
      0.0,
      0.0,
      0.0,
      0.0,
      0.0,
      0.0
    ],
    "O1ut*O11qq": [
      -0.00012985135,
      0.0007880952,
      0.0009180510333,
      -0.007466032667,
      -0.0007316222667,
      0.001744216467,
      0.00647526,
      -0.002625466067,
      -0.00332658825,
      -0.0008526925
    ],
    "O1ut*O13qq": [
      0.0009903331667,
      -6.4818275e-05,
      0.004431293333,
      -0.006508185,
      -0.00463693,
      0.0024125799,
      0.002771384333,
      0.004521470667,
      -0.00242630325,
      0.0002635655833
    ],
    "O1ut*O1ut": [
      0.07371591167,
      0.28878785,
      0.4074713333,
      0.4716625333,
      0.4914064333,
      0.4923801667,
      0.4701155333,
      0.4075791333,
      0.287812125,
      0.07468994
    ],
    "O1ut*O81qq": [
      0.0,
      0.0,
      0.0,
      0.0,
      0.0,
      0.0,
      0.0,
      0.0,
      0.0,
      0.0
    ],
    "O1ut*O83qq": [
      0.0,
      0.0,
      0.0,
      0.0,
      0.0,
      0.0,
      0.0,
      0.0,
      0.0,
      0.0
    ],
    "O1ut*O8ut": [
      0.0,
      0.0,
      0.0,
      0.0,
      0.0,
      0.0,
      0.0,
      0.0,
      0.0,
      0.0
    ],
    "O81qq*O81qq": [
      0.0228393175,
      0.09655722,
      0.1447801333,
      0.1775634133,
      0.1937538133,
      0.1926168567,
      0.17758989,
      0.1450856233,
      0.0957623225,
      0.02276143667
    ],
    "O81qq*O83qq": [
      0.02062583917,
      0.061388995,
      0.07213656333,
      0.06660940333,
      0.05029713333,
      0.05023365,
      0.06611323333,
      0.07395425667,
      0.062505745,
      0.02029481583
    ],
    "O83qq*O83qq": [
      0.02284420833,
      0.0963353725,
      0.1444490133,
      0.1771691033,
      0.1940349833,
      0.1928814967,
      0.1775648,
      0.1448585333,
      0.096005545,
      0.0228242325
    ],
    "O8dt*O11qq": [
      0.0,
      0.0,
      0.0,
      0.0,
      0.0,
      0.0,
      0.0,
      0.0,
      0.0,
      0.0
    ],
    "O8dt*O13qq": [
      0.0,
      0.0,
      0.0,
      0.0,
      0.0,
      0.0,
      0.0,
      0.0,
      0.0,
      0.0
    ],
    "O8dt*O1qt": [
      0.0,
      0.0,
      0.0,
      0.0,
      0.0,
      0.0,
      0.0,
      0.0,
      0.0,
      0.0
    ],
    "O8dt*O1ut": [
      0.0,
      0.0,
      0.0,
      0.0,
      0.0,
      0.0,
      0.0,
      0.0,
      0.0,
      0.0
    ],
    "O8dt*O81qq": [
      1.793186333e-05,
      -0.000738585775,
      0.0008814755667,
      -1.531982e-06,
      -0.0007421985333,
      0.0010396215,
      -0.000342178,
      -0.0003474762,
      0.000474327425,
      9.796904167e-05
    ],
    "O8dt*O83qq": [
      3.374789667e-05,
      0.0003136463,
      0.0004270265667,
      0.002624415333,
      -0.002234893067,
      -0.00019780417,
      0.0007583373667,
      -0.0002273636867,
      3.85363725e-05,
      3.69392025e-06
    ],
    "O8dt*O8dt": [
      0.006280948917,
      0.032150275,
      0.05481909333,
      0.07311587,
      0.08531247,
      0.08487365667,
      0.07360816667,
      0.05483217,
      0.0323514275,
      0.006237720083
    ],
    "O8dt*O8qt": [
      -0.0001292922583,
      0.0004334112,
      0.00028652984,
      0.001664453,
      -0.0011021684,
      0.0008786742,
      0.0003885973667,
      -0.0003092544233,
      -0.00012281225,
      0.000274170025
    ],
    "O8dt*O8ut": [
      -0.0001700843833,
      0.001401879475,
      0.0002884240333,
      0.0005575423,
      -0.0001440861033,
      0.0005126127667,
      0.0001007078767,
      -0.0010639454,
      -0.000182740015,
      0.000156107725
    ],
    "O8qd*O11qq": [
      0.0,
      0.0,
      0.0,
      0.0,
      0.0,
      0.0,
      0.0,
      0.0,
      0.0,
      0.0
    ],
    "O8qd*O13qq": [
      0.0,
      0.0,
      0.0,
      0.0,
      0.0,
      0.0,
      0.0,
      0.0,
      0.0,
      0.0
    ],
    "O8qd*O1dt": [
      0.0,
      0.0,
      0.0,
      0.0,
      0.0,
      0.0,
      0.0,
      0.0,
      0.0,
      0.0
    ],
    "O8qd*O1qd": [
      0.0,
      0.0,
      0.0,
      0.0,
      0.0,
      0.0,
      0.0,
      0.0,
      0.0,
      0.0
    ],
    "O8qd*O1qt": [
      0.0,
      0.0,
      0.0,
      0.0,
      0.0,
      0.0,
      0.0,
      0.0,
      0.0,
      0.0
    ],
    "O8qd*O1qu": [
      0.0,
      0.0,
      0.0,
      0.0,
      0.0,
      0.0,
      0.0,
      0.0,
      0.0,
      0.0
    ],
    "O8qd*O1ut": [
      0.0,
      0.0,
      0.0,
      0.0,
      0.0,
      0.0,
      0.0,
      0.0,
      0.0,
      0.0
    ],
    "O8qd*O81qq": [
      -0.0001075935333,
      -0.00080426985,
      -0.00019113814,
      -0.0001987073767,
      2.183718567e-05,
      -0.0003988142667,
      0.0005427043333,
      -0.0005239486,
      0.00085531575,
      -4.400388667e-05
    ],
    "O8qd*O83qq": [
      -8.278184417e-05,
      -0.00023847454,
      0.0005065368667,
      -0.0001842292933,
      0.0006007055667,
      0.001056076067,
      5.800626e-05,
      -0.0004780049,
      0.000842705375,
      1.9249135e-05
    ],
    "O8qd*O8dt": [
      0.004581388917,
      0.01607864925,
      0.02212776067,
      0.025437254,
      0.025296817,
      0.02471681067,
      0.02573570167,
      0.02181714133,
      0.015521834,
      0.004668283417
    ],
    "O8qd*O8qd": [
      0.006300686833,
      0.0324371275,
      0.05444693667,
      0.07395861333,
      0.08494284,
      0.08488618333,
      0.07368367667,
      0.05438306667,
      0.032315685,
      0.006290720333
    ],
    "O8qd*O8qt": [
      -6.728743583e-05,
      -0.0005784042,
      0.001184101533,
      -0.0002532143833,
      -0.0009513563333,
      0.001440894867,
      0.0011340194,
      0.0009389846,
      0.000153614385,
      -0.0001940659
    ],
    "O8qd*O8qu": [
      -3.392155667e-05,
      -0.001047094425,
      0.0003478671333,
      -4.029774e-05,
      -0.0005535555,
      0.0003872096333,
      -0.0010122859,
      -0.00020915663,
      0.000567917725,
      -0.000212251375
    ],
    "O8qd*O8ut": [
      -0.0001763250583,
      0.0009469006,
      0.0005306533333,
      -0.0004852311,
      0.0003560673,
      0.0006571906667,
      -0.0009656019,
      -0.0003662908333,
      -8.00206925e-05,
      7.336001583e-05
    ],
    "O8qt*O11qq": [
      0.0,
      0.0,
      0.0,
      0.0,
      0.0,
      0.0,
      0.0,
      0.0,
      0.0,
      0.0
    ],
    "O8qt*O13qq": [
      0.0,
      0.0,
      0.0,
      0.0,
      0.0,
      0.0,
      0.0,
      0.0,
      0.0,
      0.0
    ],
    "O8qt*O1ut": [
      0.0,
      0.0,
      0.0,
      0.0,
      0.0,
      0.0,
      0.0,
      0.0,
      0.0,
      0.0
    ],
    "O8qt*O81qq": [
      0.01543085833,
      0.0413429675,
      0.05092396,
      0.05434575,
      0.05754608,
      0.05733524,
      0.05718810333,
      0.05112905333,
      0.0418147525,
      0.01557353333
    ],
    "O8qt*O83qq": [
      0.006178022833,
      0.009794995,
      0.006999225667,
      0.007442445,
      0.0026078339,
      0.005261630667,
      0.006328012333,
      0.008413867,
      0.01115010875,
      0.006390797333
    ],
    "O8qt*O8qt": [
      0.02264308417,
      0.09655371,
      0.1448952633,
      0.178154,
      0.19266694,
      0.1931265933,
      0.17784358,
      0.14448335,
      0.0962158125,
      0.02262582167
    ],
    "O8qt*O8ut": [
      -7.41719425e-05,
      0.001265870875,
      0.001404453467,
      -0.001237170433,
      0.0030112591,
      -0.00029457952,
      0.0018709567,
      6.930108e-05,
      0.0002499142275,
      3.957200333e-07
    ],
    "O8qu*O11qq": [
      0.0,
      0.0,
      0.0,
      0.0,
      0.0,
      0.0,
      0.0,
      0.0,
      0.0,
      0.0
    ],
    "O8qu*O13qq": [
      0.0,
      0.0,
      0.0,
      0.0,
      0.0,
      0.0,
      0.0,
      0.0,
      0.0,
      0.0
    ],
    "O8qu*O1dt": [
      0.0,
      0.0,
      0.0,
      0.0,
      0.0,
      0.0,
      0.0,
      0.0,
      0.0,
      0.0
    ],
    "O8qu*O1qt": [
      0.0,
      0.0,
      0.0,
      0.0,
      0.0,
      0.0,
      0.0,
      0.0,
      0.0,
      0.0
    ],
    "O8qu*O1ut": [
      0.0,
      0.0,
      0.0,
      0.0,
      0.0,
      0.0,
      0.0,
      0.0,
      0.0,
      0.0
    ],
    "O8qu*O81qq": [
      -0.0003490888083,
      0.00038612355,
      -0.001360518,
      0.0009860388667,
      -0.0002911116867,
      -0.00014949251,
      0.0003388816667,
      -0.0031331909,
      0.0004328308,
      0.0002648702333
    ],
    "O8qu*O83qq": [
      -0.0003308726167,
      6.09390625e-05,
      0.0006879142667,
      0.0016390648,
      0.0014250694,
      0.0008665037,
      -0.0007129826333,
      -0.001714153633,
      0.000891302675,
      -0.000348796775
    ],
    "O8qu*O8dt": [
      9.825663333e-05,
      0.000531874575,
      0.0003772999333,
      0.0006006465333,
      -0.0007808016667,
      0.0002466177733,
      -0.0001259390433,
      -0.0007111579333,
      0.00034824755,
      1.3369995e-06
    ],
    "O8qu*O8qt": [
      0.0001637275833,
      -0.00089095565,
      0.0008227441333,
      0.0021445121,
      0.0003439631667,
      0.001459622167,
      -0.0008001740333,
      0.0002970971133,
      0.000820648025,
      0.000182924025
    ],
    "O8qu*O8qu": [
      0.01650194083,
      0.06397817,
      0.09026613667,
      0.1044111233,
      0.1090464967,
      0.1083945067,
      0.10480359,
      0.09111467333,
      0.063412595,
      0.0164801975
    ],
    "O8qu*O8ut": [
      0.010738425,
      0.027675335,
      0.029482424,
      0.030287838,
      0.029145818,
      0.03069045333,
      0.03019989433,
      0.02838321433,
      0.027397735,
      0.0106183
    ],
    "O8ut*O11qq": [
      0.0,
      0.0,
      0.0,
      0.0,
      0.0,
      0.0,
      0.0,
      0.0,
      0.0,
      0.0
    ],
    "O8ut*O13qq": [
      0.0,
      0.0,
      0.0,
      0.0,
      0.0,
      0.0,
      0.0,
      0.0,
      0.0,
      0.0
    ],
    "O8ut*O81qq": [
      0.0001821291,
      0.001043276375,
      -0.0003958146333,
      0.001948467933,
      -0.003100070067,
      0.001642581133,
      -0.0007914118,
      -0.0003026649333,
      0.0008239895,
      -0.0001909014667
    ],
    "O8ut*O83qq": [
      -0.0005260932,
      0.001370279025,
      0.0006086337,
      -5.538732667e-05,
      -0.0003972924667,
      0.001343430633,
      -0.00022061127,
      -0.0024913653,
      0.000869403575,
      0.00011025665
    ],
    "O8ut*O8ut": [
      0.01658401917,
      0.063258545,
      0.08985676,
      0.10502973,
      0.1085490733,
      0.10859332,
      0.10553463,
      0.09073728,
      0.063965275,
      0.01650356917
    ],
    "OtG*O11qq": [
      0.0,
      0.0,
      0.0,
      0.0,
      0.0,
      0.0,
      0.0,
      0.0,
      0.0,
      0.0
    ],
    "OtG*O13qq": [
      0.0,
      0.0,
      0.0,
      0.0,
      0.0,
      0.0,
      0.0,
      0.0,
      0.0,
      0.0
    ],
    "OtG*O1dt": [
      0.0,
      0.0,
      0.0,
      0.0,
      0.0,
      0.0,
      0.0,
      0.0,
      0.0,
      0.0
    ],
    "OtG*O1qd": [
      0.0,
      0.0,
      0.0,
      0.0,
      0.0,
      0.0,
      0.0,
      0.0,
      0.0,
      0.0
    ],
    "OtG*O1qt": [
      0.0,
      0.0,
      0.0,
      0.0,
      0.0,
      0.0,
      0.0,
      0.0,
      0.0,
      0.0
    ],
    "OtG*O1qu": [
      0.0,
      0.0,
      0.0,
      0.0,
      0.0,
      0.0,
      0.0,
      0.0,
      0.0,
      0.0
    ],
    "OtG*O1ut": [
      0.0,
      0.0,
      0.0,
      0.0,
      0.0,
      0.0,
      0.0,
      0.0,
      0.0,
      0.0
    ],
    "OtG*O81qq": [
      0.04169833167,
      0.11511483,
      0.1381961333,
      0.15767457,
      0.1462528833,
      0.15768059,
      0.15333371,
      0.1409091933,
      0.120656915,
      0.04189924833
    ],
    "OtG*O83qq": [
      0.016790205,
      0.0281882275,
      0.02564621633,
      0.02312058567,
      0.004390626,
      0.006113330333,
      0.01685400767,
      0.02136541733,
      0.0309257225,
      0.0163753575
    ],
    "OtG*O8dt": [
      0.01281474083,
      0.0489815625,
      0.05812231,
      0.07366497667,
      0.06427048333,
      0.07072191333,
      0.07021904667,
      0.05760272,
      0.043570645,
      0.01352054167
    ],
    "OtG*O8qd": [
      0.0126319625,
      0.043895635,
      0.06395601333,
      0.06882274667,
      0.06545626,
      0.07450544667,
      0.06898675667,
      0.05882957333,
      0.04476979,
      0.01239471167
    ],
    "OtG*O8qt": [
      0.04359954583,
      0.1118241475,
      0.141854,
      0.1573155633,
      0.1589452233,
      0.15334034,
      0.14886012,
      0.1429832867,
      0.1192654425,
      0.04281512167
    ],
    "OtG*O8qu": [
      0.02966429833,
      0.07345045,
      0.08699583333,
      0.07942036667,
      0.07792744333,
      0.08942800667,
      0.07986832333,
      0.08206577,
      0.0793448925,
      0.0296055375
    ],
    "OtG*O8ut": [
      0.02846027833,
      0.07774189,
      0.08513041333,
      0.08494662,
      0.08272462667,
      0.08290665,
      0.07196012667,
      0.08175405667,
      0.074542885,
      0.02850516917
    ],
    "OtG*OtG": [
      0.4455175417,
      1.729811525,
      2.472561267,
      2.990533767,
      3.307953767,
      3.3200049,
      3.009308467,
      2.4709871,
      1.733933125,
      0.446373625
    ]
  },
  "NLO_QCD": {
    "SM": [
      14.37516167,
      49.4545775,
      67.88355,
      80.68436667,
      87.43201,
      87.61861,
      81.01677,
      67.99055333,
      49.72082,
      14.36625333
    ],
    "O11qq": [
      -0.009009220833,
      -0.00782849075,
      -0.01253046633,
      -0.012806463,
      -0.01849653433,
      -0.01861767,
      -0.016551406,
      -0.009055229333,
      -0.00788442475,
      -0.009032118333
    ],
    "O13qq": [
      0.00107126625,
      0.00768841,
      0.01171838933,
      0.010994392,
      0.008844549667,
      0.00634067,
      0.01047980167,
      0.01507056033,
      0.006617043,
      0.001458361083
    ],
    "O1dt": [
      -0.007507130833,
      -0.020497055,
      -0.026759075,
      -0.02595728433,
      -0.025344958,
      -0.029307989,
      -0.02750371033,
      -0.026446958,
      -0.01943612,
      -0.0077961935
    ],
    "O1qd": [
      -0.001744277,
      -0.0094004805,
      -0.012407911,
      -0.01764990333,
      -0.02327197633,
      -0.01921181467,
      -0.01875423767,
      -0.012165291,
      -0.00841325925,
      -0.0019452435
    ],
    "O1qt": [
      -0.02029608667,
      -0.06881361,
      -0.08344805667,
      -0.08553181,
      -0.08921956667,
      -0.08882911667,
      -0.08794212667,
      -0.07992257333,
      -0.0699425225,
      -0.02172026583
    ],
    "O1qu": [
      -0.0171755975,
      -0.048665825,
      -0.05230785667,
      -0.05273502333,
      -0.04928434,
      -0.04995147,
      -0.05447926333,
      -0.05413561,
      -0.0461556625,
      -0.01772279417
    ],
    "O1ut": [
      -0.00407861175,
      -0.0016805195,
      0.002254713533,
      -0.003150437433,
      -0.005187569,
      -0.008234067333,
      -0.002392442833,
      0.0019177663,
      -0.000533666675,
      -0.004099869
    ],
    "O81qq": [
      0.3150651,
      0.79492105,
      0.9081469333,
      0.9674318333,
      0.9858893333,
      0.9822455,
      0.9558242,
      0.9190638,
      0.79632635,
      0.3145654083
    ],
    "O83qq": [
      0.1262258,
      0.1842375375,
      0.1282241067,
      0.08092161,
      0.04435037,
      0.04762271333,
      0.08645125,
      0.13170561,
      0.1963356875,
      0.1259837
    ],
    "O8dt": [
      0.09365909167,
      0.304510975,
      0.3904224,
      0.4440078,
      0.4713243333,
      0.4708594667,
      0.4423931,
      0.3892651,
      0.30372895,
      0.09364325
    ],
    "O8qd": [
      0.09624234167,
      0.309103375,
      0.3999593,
      0.4524796667,
      0.4759404667,
      0.4796397,
      0.450325,
      0.3969183333,
      0.309491825,
      0.09657199167
    ],
    "O8qt": [
      0.3070487083,
      0.767615325,
      0.8813024667,
      0.9331639333,
      0.9465590333,
      0.9431763,
      0.9275281667,
      0.8837616333,
      0.76717235,
      0.3084447083
    ],
    "O8qu": [
      0.2136830333,
      0.47300665,
      0.5053989333,
      0.5040890667,
      0.4938693,
      0.4922140333,
      0.5026653667,
      0.5085457,
      0.47178545,
      0.213990175
    ],
    "O8ut": [
      0.2189393917,
      0.494528625,
      0.5223759667,
      0.5227915333,
      0.5093282667,
      0.5093082,
      0.5197078,
      0.5274822333,
      0.489174075,
      0.2196421083
    ],
    "OtG": [
      4.522984583,
      15.7515085,
      21.54897667,
      25.56959933,
      27.85822933,
      27.71185767,
      25.492042,
      21.66056667,
      15.679451,
      4.510132167
    ],
    "O11qq*O11qq": [
      0.1422500083,
      0.58081975,
      0.8536015667,
      1.0186929,
      1.116879,
      1.120332,
      1.027457933,
      0.8449619333,
      0.578403925,
      0.1430058083
    ],
    "O11qq*O13qq": [
      0.1235654333,
      0.37504795,
      0.4219457333,
      0.3926069333,
      0.3190205367,
      0.32434945,
      0.3737719667,
      0.4358352333,
      0.381449325,
      0.1244508583
    ],
    "O11qq*O81qq": [
      0.0006970737417,
      0.01738289275,
      0.03331904733,
      0.06123401,
      0.05990846333,
      0.06079041,
      0.06298063667,
      0.03753592,
      0.015553724,
      0.0004972241667
    ],
    "O11qq*O83qq": [
      0.0008966351667,
      0.00575508725,
      0.01495858233,
      0.02318071733,
      0.006051414333,
      0.01115260733,
      0.013522211,
      0.015312754,
      0.0054218675,
      0.0003524846583
    ],
    "O13qq*O13qq": [
      0.1423872667,
      0.5764402,
      0.84756,
      1.0347711,
      1.118643767,
      1.1143358,
      1.0332908,
      0.8511204667,
      0.5750065,
      0.143099325
    ],
    "O13qq*O81qq": [
      0.0011476315,
      0.008922005,
      0.01286445567,
      0.013366648,
      0.007581527333,
      0.01411470667,
      0.01752128167,
      0.009256420333,
      0.008389272,
      0.000415567725
    ],
    "O13qq*O83qq": [
      0.0004187807083,
      0.0154301005,
      0.03966043667,
      0.05605096,
      0.05853514,
      0.06892751667,
      0.05097534,
      0.03612101,
      0.01535335575,
      0.0007042056417
    ],
    "O1dt*O11qq": [
      -0.000246417775,
      -0.0019519477,
      -0.0028617908,
      0.009907854667,
      -0.0007279894333,
      -0.006671087333,
      0.001176074367,
      0.002442850433,
      -0.0046585545,
      -0.000344510425
    ],
    "O1dt*O13qq": [
      0.00037520505,
      -0.0045349345,
      -0.0002271635833,
      0.005845252,
      -0.001695475967,
      -0.008923813667,
      0.007237341667,
      -0.0032155678,
      0.0001827707175,
      -0.0009881443333
    ],
    "O1dt*O1dt": [
      0.03993488833,
      0.19671441,
      0.3223018667,
      0.4236465333,
      0.4840264,
      0.4851587,
      0.4245163667,
      0.3231444833,
      0.1973590475,
      0.0401553825
    ],
    "O1dt*O1qt": [
      -0.000153596075,
      0.0011296985,
      0.0006762320667,
      0.005786928333,
      -0.002194758233,
      -0.002665618033,
      -0.01016997233,
      -0.003240015033,
      0.0030090175,
      -0.00158172425
    ],
    "O1dt*O1ut": [
      0.0005813335917,
      0.001654925325,
      -0.0002539136533,
      0.004794123667,
      0.0009127465667,
