{
  "best_sm": [
    245.5,
    103.2,
    51.25,
    28.61,
    17.44,
    11.46,
    8.083,
    6.123,
    5.062,
    4.632,
    4.701,
    5.229,
    6.448,
    9.683,
    21.52,
    156.6,
    172.8,
    14.64,
    4.945,
    2.627,
    1.661,
    1.101,
    0.7655,
    0.5328,
    0.3698,
    0.261,
    0.1843,
    0.1319,
    0.09246,
    0.06398,
    0.0421,
    0.02725,
    0.01679,
    0.008976,
    0.004413,
    0.002083,
    0.001096,
    0.0005465,
    0.0002496,
    0.0001082,
    4.193e-05,
    1.128e-05,
    2.845e-07
  ],
  "scales": [
    -1.0,
    -1.0,
    -1.0,
    -1.0,
    -1.0,
    -1.0,
    -1.0,
    -1.0,
    -1.0,
    -1.0,
    -1.0,
    -1.0,
    -1.0,
    -1.0,
    -1.0,
    -1.0,
    -1.0,
    -1.0,
    -1.0,
    -1.0,
    -1.0,
    -1.0,
    -1.0,
    -1.0,
    -1.0,
    -1.0,
    -1.0,
    -1.0,
    -1.0,
    -1.0,
    -1.0,
    -1.0,
    -1.0,
    -1.0,
    -1.0,
    -1.0,
    -1.0,
    -1.0,
    -1.0,
    -1.0,
    -1.0,
    -1.0,
    -1.0
  ],
  "theory_cov": [
    [
      20.23,
      7.156,
      3.068,
      1.502,
      0.8123,
      0.4761,
      0.3008,
      0.2041,
      0.15,
      0.1228,
      0.1121,
      0.1106,
      0.1203,
      0.1558,
      0.2988,
      1.904,
      1.994,
      0.1539,
      0.04812,
      0.02409,
      0.01435,
      0.008977,
      0.005791,
      0.003696,
      0.002289,
      0.001449,
      0.0008911,
      0.000546,
      0.0003063,
      0.0001637,
      7.642e-05,
      2.869e-05,
      3.862e-06,
      -6.067e-06,
      -7.256e-06,
      -5.199e-06,
      -3.518e-06,
      -2.149e-06,
      -1.162e-06,
      -5.868e-07,
      -2.641e-07,
      -8.865e-08,
      -3.037e-09
    ],
    [
      7.156,
      2.54,
      1.093,
      0.5368,
      0.2913,
      0.1712,
      0.1085,
      0.07383,
      0.05442,
      0.04464,
      0.04078,
      0.04025,
      0.04378,
      0.05671,
      0.1088,
      0.6949,
      0.7289,
      0.05649,
      0.01776,
      0.008933,
      0.005351,
      0.003367,
      0.002186,
      0.001408,
      0.0008818,
      0.0005649,
      0.0003531,
      0.0002208,
      0.0001278,
      7.116e-05,
      3.587e-05,
      1.577e-05,
      4.692e-06,
      -4.321e-07,
      -1.784e-06,
      -1.501e-06,
      -1.082e-06,
      -6.878e-07,
      -3.819e-07,
      -1.965e-07,
      -8.971e-08,
      -3.054e-08,
      -1.058e-09
    ],
    [
      3.068,
      1.093,
      0.4718,
      0.2324,
      0.1265,
      0.07459,
      0.0474,
      0.03234,
      0.02389,
      0.01963,
      0.01794,
      0.01772,
      0.01927,
      0.02496,
      0.04788,
      0.3064,
      0.3219,
      0.02505,
      0.007912,
      0.003999,
      0.002407,
      0.001523,
      0.0009945,
      0.0006455,
      0.0004085,
      0.0002644,
      0.0001675,
      0.0001065,
      6.314e-05,
      3.624e-05,
      1.921e-05,
      9.215e-06,
      3.475e-06,
      5.763e-07,
      -4.128e-07,
      -4.896e-07,
      -3.892e-07,
      -2.609e-07,
      -1.498e-07,
      -7.884e-08,
      -3.66e-08,
      -1.266e-08,
      -4.435e-10
    ],
    [
      1.502,
      0.5368,
      0.2324,
      0.1149,
      0.0627,
      0.03708,
      0.02363,
      0.01616,
      0.01197,
      0.009844,
      0.009006,
      0.008898,
      0.009674,
      0.01253,
      0.02403,
      0.154,
      0.162,
      0.01266,
      0.004018,
      0.00204,
      0.001234,
      0.0007847,
      0.0005151,
      0.0003368,
      0.0002151,
      0.0001405,
      9.007e-05,
      5.809e-05,
      3.512e-05,
      2.065e-05,
      1.136e-05,
      5.771e-06,
      2.458e-06,
      6.793e-07,
      -1.601e-08,
      -1.57e-07,
      -1.498e-07,
      -1.088e-07,
      -6.536e-08,
      -3.543e-08,
      -1.679e-08,
      -5.916e-09,
      -2.097e-10
    ],
    [
      0.8123,
      0.2913,
      0.1265,
      0.0627,
      0.03431,
      0.02035,
      0.013,
      0.008911,
      0.006614,
      0.00545,
      0.004989,
      0.004933,
      0.005363,
      0.006945,
      0.01333,
      0.08561,
      0.0902,
      0.007076,
      0.002255,
      0.001149,
      0.000698,
      0.0004462,
      0.0002943,
      0.0001937,
      0.0001247,
      8.207e-05,
      5.316e-05,
      3.469e-05,
      2.132e-05,
      1.277e-05,
      7.222e-06,
      3.816e-06,
      1.747e-06,
      5.871e-07,
      9.456e-08,
      -3.896e-08,
      -5.823e-08,
      -4.83e-08,
      -3.088e-08,
      -1.738e-08,
      -8.44e-09,
      -3.04e-09,
      -1.092e-10
    ],
    [
      0.4761,
      0.1712,
      0.07459,
      0.03708,
      0.02035,
      0.0121,
      0.00775,
      0.005326,
      0.003962,
      0.00327,
      0.002997,
      0.002966,
      0.003226,
      0.004181,
      0.008033,
      0.05171,
      0.05456,
      0.004296,
      0.001375,
      0.0007034,
      0.0004289,
      0.0002753,
      0.0001825,
      0.0001208,
      7.832e-05,
      5.191e-05,
      3.393e-05,
      2.237e-05,
      1.393e-05,
      8.479e-06,
      4.9e-06,
      2.666e-06,
      1.283e-06,
      4.802e-07,
      1.195e-07,
      5.759e-09,
      -1.994e-08,
      -2.17e-08,
      -1.529e-08,
      -9.057e-09,
      -4.541e-09,
      -1.679e-09,
      -6.125e-11
    ],
    [
      0.3008,
      0.1085,
      0.0474,
      0.02363,
      0.013,
      0.00775,
      0.004976,
      0.003428,
      0.002557,
      0.002115,
      0.001941,
      0.001925,
      0.002098,
      0.002725,
      0.005251,
      0.03391,
      0.03585,
      0.002833,
      0.0009101,
      0.0004669,
      0.0002856,
      0.0001839,
      0.0001223,
      8.132e-05,
      5.304e-05,
      3.534e-05,
      2.326e-05,
      1.545e-05,
      9.728e-06,
      5.988e-06,
      3.513e-06,
      1.95e-06,
      9.686e-07,
      3.851e-07,
      1.132e-07,
      2.014e-08,
      -4.548e-09,
      -1.002e-08,
      -8.116e-09,
      -5.105e-09,
      -2.646e-09,
      -1.003e-09,
      -3.707e-11
    ],
    [
      0.2041,
      0.07383,
      0.03234,
      0.01616,
      0.008911,
      0.005326,
      0.003428,
      0.002368,
      0.001771,
      0.001469,
      0.001352,
      0.001346,
      0.001472,
      0.001921,
      0.003722,
      0.02415,
      0.02558,
      0.002029,
      0.0006534,
      0.0003359,
      0.0002058,
      0.0001328,
      8.853e-05,
      5.905e-05,
      3.866e-05,
      2.585e-05,
      1.709e-05,
      1.141e-05,
      7.241e-06,
      4.493e-06,
      2.661e-06,
      1.495e-06,
      7.574e-07,
      3.111e-07,
      9.872e-08,
      2.278e-08,
      1.138e-09,
      -4.968e-09,
      -4.785e-09,
      -3.19e-09,
      -1.699e-09,
      -6.547e-10,
      -2.437e-11
    ],
    [
      0.15,
      0.05442,
      0.02389,
      0.01197,
      0.006614,
      0.003962,
      0.002557,
      0.001771,
      0.001329,
      0.001107,
      0.001024,
      0.001025,
      0.001129,
      0.001487,
      0.002906,
      0.019,
      0.02017,
      0.001604,
      0.0005174,
      0.0002661,
      0.0001631,
      0.0001052,
      7.023e-05,
      4.691e-05,
      3.076e-05,
      2.06e-05,
      1.364e-05,
      9.128e-06,
      5.82e-06,
      3.627e-06,
      2.156e-06,
      1.218e-06,
      6.233e-07,
      2.594e-07,
      8.482e-08,
      2.125e-08,
      2.645e-09,
      -3.002e-09,
      -3.316e-09,
      -2.285e-09,
      -1.232e-09,
      -4.759e-10,
      -1.78e-11
    ],
    [
      0.1228,
      0.04464,
      0.01963,
      0.009844,
      0.00545,
      0.00327,
      0.002115,
      0.001469,
      0.001107,
      0.0009269,
      0.000863,
      0.0008708,
      0.0009692,
      0.001293,
      0.002559,
      0.01689,
      0.01797,
      0.001432,
      0.0004619,
      0.0002373,
      0.0001451,
      9.342e-05,
      6.227e-05,
      4.154e-05,
      2.72e-05,
      1.817e-05,
      1.202e-05,
      8.025e-06,
      5.118e-06,
      3.188e-06,
      1.887e-06,
      1.062e-06,
      5.421e-07,
      2.229e-07,
      7.114e-08,
      1.673e-08,
      1.201e-09,
      -3.193e-09,
      -3.137e-09,
      -2.072e-09,
      -1.086e-09,
      -4.065e-10,
      -1.485e-11
    ],
    [
      0.1121,
      0.04078,
      0.01794,
      0.009006,
      0.004989,
      0.002997,
      0.001941,
      0.001352,
      0.001024,
      0.000863,
      0.0008104,
      0.0008266,
      0.0009325,
      0.001264,
      0.002541,
      0.01694,
      0.01808,
      0.001442,
      0.0004642,
      0.0002378,
      0.0001449,
      9.286e-05,
      6.173e-05,
      4.102e-05,
      2.673e-05,
      1.778e-05,
      1.17e-05,
      7.766e-06,
      4.935e-06,
      3.057e-06,
      1.788e-06,
      9.931e-07,
      4.988e-07,
      1.971e-07,
      5.743e-08,
      9.892e-09,
      -2.487e-09,
      -5.007e-09,
      -3.921e-09,
      -2.369e-09,
      -1.175e-09,
      -4.157e-10,
      -1.453e-11
    ],
    [
      0.1106,
      0.04025,
      0.01772,
      0.008898,
      0.004933,
      0.002966,
      0.001925,
      0.001346,
      0.001025,
      0.0008708,
      0.0008266,
      0.0008545,
      0.0009799,
      0.001354,
      0.00277,
      0.01868,
      0.01998,
      0.001595,
      0.0005124,
      0.0002616,
      0.0001587,
      0.0001011,
      6.699e-05,
      4.431e-05,
      2.872e-05,
      1.898e-05,
      1.241e-05,
      8.172e-06,
      5.165e-06,
      3.175e-06,
      1.828e-06,
      9.957e-07,
      4.886e-07,
      1.815e-07,
      4.464e-08,
      1.759e-09,
      -7.608e-09,
      -7.888e-09,
      -5.339e-09,
      -2.996e-09,
      -1.414e-09,
      -4.732e-10,
      -1.596e-11
    ],
    [
      0.1203,
      0.04378,
      0.01927,
      0.009674,
      0.005363,
      0.003226,
      0.002098,
      0.001472,
      0.001129,
      0.0009692,
      0.0009325,
      0.0009799,
      0.001146,
      0.001619,
      0.003378,
      0.02305,
      0.02472,
      0.001974,
      0.0006324,
      0.0003214,
      0.0001939,
      0.0001228,
      8.096e-05,
      5.322e-05,
      3.423e-05,
      2.245e-05,
      1.455e-05,
      9.472e-06,
      5.937e-06,
      3.609e-06,
      2.029e-06,
      1.074e-06,
      5.074e-07,
      1.689e-07,
      2.681e-08,
      -1.145e-08,
      -1.652e-08,
      -1.314e-08,
      -8.018e-09,
      -4.222e-09,
      -1.896e-09,
      -5.978e-10,
      -1.917e-11
    ],
    [
      0.1558,
      0.05671,
      0.02496,
      0.01253,
      0.006945,
      0.004181,
      0.002725,
      0.001921,
      0.001487,
      0.001293,
      0.001264,
      0.001354,
      0.001619,
      0.002341,
      0.004983,
      0.03442,
      0.03701,
      0.002957,
      0.0009447,
      0.0004783,
      0.0002871,
      0.0001806,
      0.0001186,
      7.749e-05,
      4.947e-05,
      3.219e-05,
      2.067e-05,
      1.331e-05,
      8.276e-06,
      4.972e-06,
      2.725e-06,
      1.396e-06,
      6.298e-07,
      1.786e-07,
      2.341e-09,
      -3.522e-08,
      -3.414e-08,
      -2.415e-08,
      -1.387e-08,
      -6.998e-09,
      -3.032e-09,
      -9.109e-10,
      -2.807e-11
    ],
    [
      0.2988,
      0.1088,
      0.04788,
      0.02403,
      0.01333,
      0.008033,
      0.005251,
      0.003722,
      0.002906,
      0.002559,
      0.002541,
      0.00277,
      0.003378,
      0.004983,
      0.01079,
      0.07527,
      0.08111,
      0.006487,
      0.002069,
      0.001045,
      0.0006251,
      0.0003915,
      0.0002563,
      0.0001668,
      0.000106,
      6.858e-05,
      4.379e-05,
      2.798e-05,
      1.731e-05,
      1.033e-05,
      5.562e-06,
      2.785e-06,
      1.219e-06,
      3.005e-07,
      -3.939e-08,
      -9.75e-08,
      -8.478e-08,
      -5.72e-08,
      -3.19e-08,
      -1.569e-08,
      -6.626e-09,
      -1.914e-09,
      -5.664e-11
    ],
    [
      1.904,
      0.6949,
      0.3064,
      0.154,
      0.08561,
      0.05171,
      0.03391,
      0.02415,
      0.019,
      0.01689,
      0.01694,
      0.01868,
      0.02305,
      0.03442,
      0.07527,
      0.5287,
      0.5707,
      0.04574,
      0.0146,
      0.007373,
      0.004409,
      0.00276,
      0.001807,
      0.001176,
      0.0007477,
      0.0004842,
      0.0003096,
      0.0001981,
      0.0001231,
      7.389e-05,
      3.997e-05,
      2.024e-05,
      9.081e-06,
      2.42e-06,
      -9.812e-08,
      -5.87e-07,
      -5.367e-07,
      -3.678e-07,
      -2.06e-07,
      -1.009e-07,
      -4.225e-08,
      -1.193e-08,
      -3.446e-10
    ],
    [
      1.994,
      0.7289,
      0.3219,
      0.162,
      0.0902,
      0.05456,
      0.03585,
      0.02558,
      0.02017,
      0.01797,
      0.01808,
      0.01998,
      0.02472,
      0.03701,
      0.08111,
      0.5707,
      0.6166,
      0.04947,
      0.01581,
      0.007991,
      0.004782,
      0.002997,
      0.001965,
      0.001281,
      0.000816,
      0.0005296,
      0.0003396,
      0.0002181,
      0.0001362,
      8.229e-05,
      4.495e-05,
      2.312e-05,
      1.066e-05,
      3.109e-06,
      1.617e-07,
      -4.974e-07,
      -5.032e-07,
      -3.569e-07,
      -2.03e-07,
      -1.001e-07,
      -4.194e-08,
      -1.177e-08,
      -3.374e-10
    ],
    [
      0.1539,
      0.05649,
      0.02505,
      0.01266,
      0.007076,
      0.004296,
      0.002833,
      0.002029,
      0.001604,
      0.001432,
      0.001442,
      0.001595,
      0.001974,
      0.002957,
      0.006487,
      0.04574,
      0.04947,
      0.003982,
      0.001277,
      0.0006475,
      0.0003888,
      0.0002446,
      0.0001611,
      0.0001056,
      6.773e-05,
      4.43e-05,
      2.868e-05,
      1.863e-05,
      1.18e-05,
      7.256e-06,
      4.078e-06,
      2.186e-06,
      1.074e-06,
      3.776e-07,
      8.168e-08,
      -5.143e-09,
      -2.111e-08,
      -1.859e-08,
      -1.153e-08,
      -5.902e-09,
      -2.514e-09,
      -7.009e-10,
      -1.992e-11
    ],
    [
      0.04812,
      0.01776,
      0.007912,
      0.004018,
      0.002255,
      0.001375,
      0.0009101,
      0.0006534,
      0.0005174,
      0.0004619,
      0.0004642,
      0.0005124,
      0.0006324,
      0.0009447,
      0.002069,
      0.0146,
      0.01581,
      0.001277,
      0.0004111,
      0.0002093,
      0.0001262,
      7.984e-05,
      5.284e-05,
      3.486e-05,
      2.255e-05,
      1.488e-05,
      9.737e-06,
      6.411e-06,
      4.119e-06,
      2.578e-06,
      1.491e-06,
      8.302e-07,
      4.3e-07,
      1.714e-07,
      5.319e-08,
      1.201e-08,
      7.835e-10,
      -2.047e-09,
      -1.858e-09,
      -1.081e-09,
      -4.877e-10,
      -1.371e-10,
      -3.958e-12
    ],
    [
      0.02409,
      0.008933,
      0.003999,
      0.00204,
      0.001149,
      0.0007034,
      0.0004669,
      0.0003359,
      0.0002661,
      0.0002373,
      0.0002378,
      0.0002616,
      0.0003214,
      0.0004783,
      0.001045,
      0.007373,
      0.007991,
      0.0006475,
      0.0002093,
      0.000107,
      6.479e-05,
      4.118e-05,
      2.739e-05,
      1.818e-05,
      1.185e-05,
      7.882e-06,
      5.207e-06,
      3.467e-06,
      2.254e-06,
      1.431e-06,
      8.464e-07,
      4.845e-07,
      2.6e-07,
      1.115e-07,
      4.011e-08,
      1.27e-08,
      4.029e-09,
      8.29e-10,
      -7.391e-11,
      -1.706e-10,
      -1.017e-10,
      -3.061e-11,
      -9.614e-13
    ],
    [
      0.01435,
      0.005351,
      0.002407,
      0.001234,
      0.000698,
      0.0004289,
      0.0002856,
      0.0002058,
      0.0001631,
      0.0001451,
      0.0001449,
      0.0001587,
      0.0001939,
      0.0002871,
      0.0006251,
      0.004409,
      0.004782,
      0.0003888,
      0.0001262,
      6.479e-05,
      3.945e-05,
      2.521e-05,
      1.686e-05,
      1.126e-05,
      7.403e-06,
      4.966e-06,
      3.313e-06,
      2.232e-06,
      1.468e-06,
      9.46e-07,
      5.715e-07,
      3.358e-07,
      1.858e-07,
      8.457e-08,
      3.367e-08,
      1.255e-08,
      5.184e-09,
      1.957e-09,
      6.563e-10,
      2.141e-10,
      6.686e-11,
      1.84e-11,
      5.342e-13
    ],
    [
      0.008977,
      0.003367,
      0.001523,
      0.0007847,
      0.0004462,
      0.0002753,
      0.0001839,
      0.0001328,
      0.0001052,
      9.342e-05,
      9.286e-05,
      0.0001011,
      0.0001228,
      0.0001806,
      0.0003915,
      0.00276,
      0.002997,
      0.0002446,
      7.984e-05,
      4.118e-05,
      2.521e-05,
      1.622e-05,
      1.09e-05,
      7.338e-06,
      4.868e-06,
      3.295e-06,
      2.221e-06,
      1.514e-06,
      1.008e-06,
      6.585e-07,
      4.059e-07,
      2.44e-07,
      1.386e-07,
      6.598e-08,
      2.806e-08,
      1.138e-08,
      5.19e-09,
      2.229e-09,
      8.8e-10,
      3.392e-10,
      1.215e-10,
      3.295e-11,
      9.098e-13
    ],
    [
      0.005791,
      0.002186,
      0.0009945,
      0.0005151,
      0.0002943,
      0.0001825,
      0.0001223,
      8.853e-05,
      7.023e-05,
      6.227e-05,
      6.173e-05,
      6.699e-05,
      8.096e-05,
      0.0001186,
      0.0002563,
      0.001807,
      0.001965,
      0.0001611,
      5.284e-05,
      2.739e-05,
      1.686e-05,
      1.09e-05,
      7.376e-06,
      4.995e-06,
      3.341e-06,
      2.28e-06,
      1.552e-06,
      1.069e-06,
      7.19e-07,
      4.753e-07,
      2.978e-07,
      1.823e-07,
      1.057e-07,
      5.2e-08,
      2.312e-08,
      9.865e-09,
      4.739e-09,
      2.157e-09,
      9.053e-10,
      3.679e-10,
      1.371e-10,
      3.765e-11,
      1.076e-12
    ],
    [
      0.003696,
      0.001408,
      0.0006455,
      0.0003368,
      0.0001937,
      0.0001208,
      8.132e-05,
      5.905e-05,
      4.691e-05,
      4.154e-05,
      4.102e-05,
      4.431e-05,
      5.322e-05,
      7.749e-05,
      0.0001668,
      0.001176,
      0.001281,
      0.0001056,
      3.486e-05,
      1.818e-05,
      1.126e-05,
      7.338e-06,
      4.995e-06,
      3.412e-06,
      2.305e-06,
      1.588e-06,
      1.092e-06,
      7.612e-07,
      5.182e-07,
      3.468e-07,
      2.212e-07,
      1.379e-07,
      8.154e-08,
      4.138e-08,
      1.911e-08,
      8.485e-09,
      4.228e-09,
      1.997e-09,
      8.67e-10,
      3.611e-10,
      1.363e-10,
      3.704e-11,
      1.011e-12
    ],
    [
      0.002289,
      0.0008818,
      0.0004085,
      0.0002151,
      0.0001247,
      7.832e-05,
      5.304e-05,
      3.866e-05,
      3.076e-05,
      2.72e-05,
      2.673e-05,
      2.872e-05,
      3.423e-05,
      4.947e-05,
      0.000106,
      0.0007477,
      0.000816,
      6.773e-05,
      2.255e-05,
      1.185e-05,
      7.403e-06,
      4.868e-06,
      3.341e-06,
      2.305e-06,
      1.576e-06,
      1.098e-06,
      7.645e-07,
      5.399e-07,
      3.724e-07,
      2.527e-07,
      1.642e-07,
      1.044e-07,
      6.298e-08,
      3.292e-08,
      1.575e-08,
      7.245e-09,
      3.724e-09,
      1.813e-09,
      8.094e-10,
      3.444e-10,
      1.32e-10,
      3.598e-11,
      9.704e-13
    ],
    [
      0.001449,
      0.0005649,
      0.0002644,
      0.0001405,
      8.207e-05,
      5.191e-05,
      3.534e-05,
      2.585e-05,
      2.06e-05,
      1.817e-05,
      1.778e-05,
      1.898e-05,
      2.245e-05,
      3.219e-05,
      6.858e-05,
      0.0004842,
      0.0005296,
      4.43e-05,
      1.488e-05,
      7.882e-06,
      4.966e-06,
      3.295e-06,
      2.28e-06,
      1.588e-06,
      1.098e-06,
      7.733e-07,
      5.444e-07,
      3.891e-07,
      2.715e-07,
      1.866e-07,
      1.231e-07,
      7.953e-08,
      4.878e-08,
      2.61e-08,
      1.282e-08,
      6.05e-09,
      3.179e-09,
      1.581e-09,
      7.198e-10,
      3.114e-10,
      1.211e-10,
      3.343e-11,
      9.203e-13
    ],
    [
      0.0008911,
      0.0003531,
      0.0001675,
      9.007e-05,
      5.316e-05,
      3.393e-05,
      2.326e-05,
      1.709e-05,
      1.364e-05,
      1.202e-05,
      1.17e-05,
      1.241e-05,
      1.455e-05,
      2.067e-05,
      4.379e-05,
      0.0003096,
      0.0003396,
      2.868e-05,
      9.737e-06,
      5.207e-06,
      3.313e-06,
      2.221e-06,
      1.552e-06,
      1.092e-06,
      7.645e-07,
      5.444e-07,
      3.88e-07,
      2.807e-07,
      1.981e-07,
      1.378e-07,
      9.228e-08,
      6.052e-08,
      3.767e-08,
      2.055e-08,
      1.032e-08,
      4.963e-09,
      2.648e-09,
      1.335e-09,
      6.146e-10,
      2.68e-10,
      1.047e-10,
      2.898e-11,
      8.046e-13
    ],
    [
      0.000546,
      0.0002208,
      0.0001065,
      5.809e-05,
      3.469e-05,
      2.237e-05,
      1.545e-05,
      1.141e-05,
      9.128e-06,
      8.025e-06,
      7.766e-06,
      8.172e-06,
      9.472e-06,
      1.331e-05,
      2.798e-05,
      0.0001981,
      0.0002181,
      1.863e-05,
      6.411e-06,
      3.467e-06,
      2.232e-06,
      1.514e-06,
      1.069e-06,
      7.612e-07,
      5.399e-07,
      3.891e-07,
      2.807e-07,
      2.057e-07,
      1.468e-07,
      1.033e-07,
      7.019e-08,
      4.667e-08,
      2.944e-08,
      1.635e-08,
      8.362e-09,
      4.085e-09,
      2.206e-09,
      1.124e-09,
      5.216e-10,
      2.286e-10,
      8.958e-11,
      2.475e-11,
      6.845e-13
    ],
    [
      0.0003063,
      0.0001278,
      6.314e-05,
      3.512e-05,
      2.132e-05,
      1.393e-05,
      9.728e-06,
      7.241e-06,
      5.82e-06,
      5.118e-06,
      4.935e-06,
      5.165e-06,
      5.937e-06,
      8.276e-06,
      1.731e-05,
      0.0001231,
      0.0001362,
      1.18e-05,
      4.119e-06,
      2.254e-06,
      1.468e-06,
      1.008e-06,
      7.19e-07,
      5.182e-07,
      3.724e-07,
      2.715e-07,
      1.981e-07,
      1.468e-07,
      1.061e-07,
      7.546e-08,
      5.192e-08,
      3.496e-08,
      2.234e-08,
      1.26e-08,
      6.553e-09,
      3.248e-09,
      1.774e-09,
      9.127e-10,
      4.273e-10,
      1.886e-10,
      7.426e-11,
      2.057e-11,
      5.643e-13
    ],
    [
      0.0001637,
      7.116e-05,
      3.624e-05,
      2.065e-05,
      1.277e-05,
      8.479e-06,
      5.988e-06,
      4.493e-06,
      3.627e-06,
      3.188e-06,
      3.057e-06,
      3.175e-06,
      3.609e-06,
      4.972e-06,
      1.033e-05,
      7.389e-05,
      8.229e-05,
      7.256e-06,
      2.578e-06,
      1.431e-06,
      9.46e-07,
      6.585e-07,
      4.753e-07,
      3.468e-07,
      2.527e-07,
      1.866e-07,
      1.378e-07,
      1.033e-07,
      7.546e-08,
      5.434e-08,
      3.784e-08,
      2.581e-08,
      1.669e-08,
      9.555e-09,
      5.049e-09,
      2.537e-09,
      1.402e-09,
      7.286e-10,
      3.444e-10,
      1.533e-10,
      6.085e-11,
      1.701e-11,
      4.745e-13
    ],
    [
      7.642e-05,
      3.587e-05,
      1.921e-05,
      1.136e-05,
      7.222e-06,
      4.9e-06,
      3.513e-06,
      2.661e-06,
      2.156e-06,
      1.887e-06,
      1.788e-06,
      1.828e-06,
      2.029e-06,
      2.725e-06,
      5.562e-06,
      3.997e-05,
      4.495e-05,
      4.078e-06,
      1.491e-06,
      8.464e-07,
      5.715e-07,
      4.059e-07,
      2.978e-07,
      2.212e-07,
      1.642e-07,
      1.231e-07,
      9.228e-08,
      7.019e-08,
      5.192e-08,
      3.784e-08,
      2.673e-08,
      1.847e-08,
      1.21e-08,
      7.028e-09,
      3.77e-09,
      1.918e-09,
      1.07e-09,
      5.607e-10,
      2.669e-10,
      1.194e-10,
      4.756e-11,
      1.332e-11,
      3.694e-13
    ],
    [
      2.869e-05,
      1.577e-05,
      9.215e-06,
      5.771e-06,
      3.816e-06,
      2.666e-06,
      1.95e-06,
      1.495e-06,
      1.218e-06,
      1.062e-06,
      9.931e-07,
      9.957e-07,
      1.074e-06,
      1.396e-06,
      2.785e-06,
      2.024e-05,
      2.312e-05,
      2.186e-06,
      8.302e-07,
      4.845e-07,
      3.358e-07,
      2.44e-07,
      1.823e-07,
      1.379e-07,
      1.044e-07,
      7.953e-08,
      6.052e-08,
      4.667e-08,
      3.496e-08,
      2.581e-08,
      1.847e-08,
      1.293e-08,
      8.571e-09,
      5.05e-09,
      2.75e-09,
      1.417e-09,
      7.984e-10,
      4.224e-10,
      2.028e-10,
      9.139e-11,
      3.666e-11,
      1.034e-11,
      2.887e-13
    ],
    [
      3.862e-06,
      4.692e-06,
      3.475e-06,
      2.458e-06,
      1.747e-06,
      1.283e-06,
      9.686e-07,
      7.574e-07,
      6.233e-07,
      5.421e-07,
      4.988e-07,
      4.886e-07,
      5.074e-07,
      6.298e-07,
      1.219e-06,
      9.081e-06,
      1.066e-05,
      1.074e-06,
      4.3e-07,
      2.6e-07,
      1.858e-07,
      1.386e-07,
      1.057e-07,
      8.154e-08,
      6.298e-08,
      4.878e-08,
      3.767e-08,
      2.944e-08,
      2.234e-08,
      1.669e-08,
      1.21e-08,
      8.571e-09,
      5.755e-09,
      3.436e-09,
      1.899e-09,
      9.91e-10,
      5.642e-10,
      3.014e-10,
      1.46e-10,
      6.638e-11,
      2.683e-11,
      7.622e-12,
      2.126e-13
    ],
    [
      -6.067e-06,
      -4.321e-07,
      5.763e-07,
      6.793e-07,
      5.871e-07,
      4.802e-07,
      3.851e-07,
      3.111e-07,
      2.594e-07,
      2.229e-07,
      1.971e-07,
      1.815e-07,
      1.689e-07,
      1.786e-07,
      3.005e-07,
      2.42e-06,
      3.109e-06,
      3.776e-07,
      1.714e-07,
      1.115e-07,
      8.457e-08,
      6.598e-08,
      5.2e-08,
      4.138e-08,
      3.292e-08,
      2.61e-08,
      2.055e-08,
      1.635e-08,
      1.26e-08,
      9.555e-09,
      7.028e-09,
      5.05e-09,
      3.436e-09,
      2.082e-09,
      1.168e-09,
      6.173e-10,
      3.549e-10,
      1.913e-10,
      9.345e-11,
      4.277e-11,
      1.74e-11,
      4.97e-12,
      1.39e-13
    ],
    [
      -7.256e-06,
      -1.784e-06,
      -4.128e-07,
      -1.601e-08,
      9.456e-08,
      1.195e-07,
      1.132e-07,
      9.872e-08,
      8.482e-08,
      7.114e-08,
      5.743e-08,
      4.464e-08,
      2.681e-08,
      2.341e-09,
      -3.939e-08,
      -9.812e-08,
      1.617e-07,
      8.168e-08,
      5.319e-08,
      4.011e-08,
      3.367e-08,
      2.806e-08,
      2.312e-08,
      1.911e-08,
      1.575e-08,
      1.282e-08,
      1.032e-08,
      8.362e-09,
      6.553e-09,
      5.049e-09,
      3.77e-09,
      2.75e-09,
      1.899e-09,
      1.168e-09,
      6.662e-10,
      3.573e-10,
      2.08e-10,
      1.135e-10,
      5.607e-11,
      2.595e-11,
      1.067e-11,
      3.086e-12,
      8.705e-14
    ],
    [
      -5.199e-06,
      -1.501e-06,
      -4.896e-07,
      -1.57e-07,
      -3.896e-08,
      5.759e-09,
      2.014e-08,
      2.278e-08,
      2.125e-08,
      1.673e-08,
      9.892e-09,
      1.759e-09,
      -1.145e-08,
      -3.522e-08,
      -9.75e-08,
      -5.87e-07,
      -4.974e-07,
      -5.143e-09,
      1.201e-08,
      1.27e-08,
      1.255e-08,
      1.138e-08,
      9.865e-09,
      8.485e-09,
      7.245e-09,
      6.05e-09,
      4.963e-09,
      4.085e-09,
      3.248e-09,
      2.537e-09,
      1.918e-09,
      1.417e-09,
      9.91e-10,
      6.173e-10,
      3.573e-10,
      1.942e-10,
      1.143e-10,
      6.31e-11,
      3.154e-11,
      1.476e-11,
      6.143e-12,
      1.801e-12,
      5.138e-14
    ],
    [
      -3.518e-06,
      -1.082e-06,
      -3.892e-07,
      -1.498e-07,
      -5.823e-08,
      -1.994e-08,
      -4.548e-09,
      1.138e-09,
      2.645e-09,
      1.201e-09,
      -2.487e-09,
      -7.608e-09,
      -1.652e-08,
      -3.414e-08,
      -8.478e-08,
      -5.367e-07,
      -5.032e-07,
      -2.111e-08,
      7.835e-10,
      4.029e-09,
      5.184e-09,
      5.19e-09,
      4.739e-09,
      4.228e-09,
      3.724e-09,
      3.179e-09,
      2.648e-09,
      2.206e-09,
      1.774e-09,
      1.402e-09,
      1.07e-09,
      7.984e-10,
      5.642e-10,
      3.549e-10,
      2.08e-10,
      1.143e-10,
      6.8e-11,
      3.793e-11,
      1.917e-11,
      9.072e-12,
      3.818e-12,
      1.135e-12,
      3.284e-14
    ],
    [
      -2.149e-06,
      -6.878e-07,
      -2.609e-07,
      -1.088e-07,
      -4.83e-08,
      -2.17e-08,
      -1.002e-08,
      -4.968e-09,
      -3.002e-09,
      -3.193e-09,
      -5.007e-09,
      -7.888e-09,
      -1.314e-08,
      -2.415e-08,
      -5.72e-08,
      -3.678e-07,
      -3.569e-07,
      -1.859e-08,
      -2.047e-09,
      8.29e-10,
      1.957e-09,
      2.229e-09,
      2.157e-09,
      1.997e-09,
      1.813e-09,
      1.581e-09,
      1.335e-09,
      1.124e-09,
      9.127e-10,
      7.286e-10,
      5.607e-10,
      4.224e-10,
      3.014e-10,
      1.913e-10,
      1.135e-10,
      6.31e-11,
      3.793e-11,
      2.14e-11,
      1.094e-11,
      5.241e-12,
      2.234e-12,
      6.747e-13,
      1.986e-14
    ],
    [
      -1.162e-06,
      -3.819e-07,
      -1.498e-07,
      -6.536e-08,
      -3.088e-08,
      -1.529e-08,
      -8.116e-09,
      -4.785e-09,
      -3.316e-09,
      -3.137e-09,
      -3.921e-09,
      -5.339e-09,
      -8.018e-09,
      -1.387e-08,
      -3.19e-08,
      -2.06e-07,
      -2.03e-07,
      -1.153e-08,
      -1.858e-09,
      -7.391e-11,
      6.563e-10,
      8.8e-10,
      9.053e-10,
      8.67e-10,
      8.094e-10,
      7.198e-10,
      6.146e-10,
      5.216e-10,
      4.273e-10,
      3.444e-10,
      2.669e-10,
      2.028e-10,
      1.46e-10,
      9.345e-11,
      5.607e-11,
      3.154e-11,
      1.917e-11,
      1.094e-11,
      5.665e-12,
      2.749e-12,
      1.188e-12,
      3.65e-13,
      1.097e-14
    ],
    [
      -5.868e-07,
      -1.965e-07,
      -7.884e-08,
      -3.543e-08,
      -1.738e-08,
      -9.057e-09,
      -5.105e-09,
      -3.19e-09,
      -2.285e-09,
      -2.072e-09,
      -2.369e-09,
      -2.996e-09,
      -4.222e-09,
      -6.998e-09,
      -1.569e-08,
      -1.009e-07,
      -1.001e-07,
      -5.902e-09,
      -1.081e-09,
      -1.706e-10,
      2.141e-10,
      3.392e-10,
      3.679e-10,
      3.611e-10,
      3.444e-10,
      3.114e-10,
      2.68e-10,
      2.286e-10,
      1.886e-10,
      1.533e-10,
      1.194e-10,
      9.139e-11,
      6.638e-11,
      4.277e-11,
      2.595e-11,
      1.476e-11,
      9.072e-12,
      5.241e-12,
      2.749e-12,
      1.352e-12,
      5.925e-13,
      1.855e-13,
      5.718e-15
    ],
    [
      -2.641e-07,
      -8.971e-08,
      -3.66e-08,
      -1.679e-08,
      -8.44e-09,
      -4.541e-09,
      -2.646e-09,
      -1.699e-09,
      -1.232e-09,
      -1.086e-09,
      -1.175e-09,
      -1.414e-09,
      -1.896e-09,
      -3.032e-09,
      -6.626e-09,
      -4.225e-08,
      -4.194e-08,
      -2.514e-09,
      -4.877e-10,
      -1.017e-10,
      6.686e-11,
      1.215e-10,
      1.371e-10,
      1.363e-10,
      1.32e-10,
      1.211e-10,
      1.047e-10,
      8.958e-11,
      7.426e-11,
      6.085e-11,
      4.756e-11,
      3.666e-11,
      2.683e-11,
      1.74e-11,
      1.067e-11,
      6.143e-12,
      3.818e-12,
      2.234e-12,
      1.188e-12,
      5.925e-13,
      2.638e-13,
      8.439e-14,
      2.688e-15
    ],
    [
      -8.865e-08,
      -3.054e-08,
      -1.266e-08,
      -5.916e-09,
      -3.04e-09,
      -1.679e-09,
      -1.003e-09,
      -6.547e-10,
      -4.759e-10,
      -4.065e-10,
      -4.157e-10,
      -4.732e-10,
      -5.978e-10,
      -9.109e-10,
      -1.914e-09,
      -1.193e-08,
      -1.177e-08,
      -7.009e-10,
      -1.371e-10,
      -3.061e-11,
      1.84e-11,
      3.295e-11,
      3.765e-11,
      3.704e-11,
      3.598e-11,
      3.343e-11,
      2.898e-11,
      2.475e-11,
      2.057e-11,
      1.701e-11,
      1.332e-11,
      1.034e-11,
      7.622e-12,
      4.97e-12,
      3.086e-12,
      1.801e-12,
      1.135e-12,
      6.747e-13,
      3.65e-13,
      1.855e-13,
      8.439e-14,
      2.79e-14,
      9.464e-16
    ],
    [
      -3.037e-09,
      -1.058e-09,
      -4.435e-10,
      -2.097e-10,
      -1.092e-10,
      -6.125e-11,
      -3.707e-11,
      -2.437e-11,
      -1.78e-11,
      -1.485e-11,
      -1.453e-11,
      -1.596e-11,
      -1.917e-11,
      -2.807e-11,
      -5.664e-11,
      -3.446e-10,
      -3.374e-10,
      -1.992e-11,
      -3.958e-12,
      -9.614e-13,
      5.342e-13,
      9.098e-13,
      1.076e-12,
      1.011e-12,
      9.704e-13,
      9.203e-13,
      8.046e-13,
      6.845e-13,
      5.643e-13,
      4.745e-13,
      3.694e-13,
      2.887e-13,
      2.126e-13,
      1.39e-13,
      8.705e-14,
      5.138e-14,
      3.284e-14,
      1.986e-14,
      1.097e-14,
      5.718e-15,
      2.688e-15,
      9.464e-16,
      3.794e-17
    ]
  ],
  "LO": {
    "O3pl1": [
      0.0,
      0.0,
      0.0,
      0.0,
      0.0,
      0.0,
      0.0,
      0.0,
      0.0,
      0.0,
      0.0,
      0.0,
      0.0,
      0.0,
      0.0,
      0.0,
      0.0,
      0.0,
      0.0,
      0.0,
      0.0,
      0.0,
      -0.04221232101052968,
      -0.030215697266270335,
      -0.02176676306414592,
      -0.015768046312104975,
      -0.011471526111559573,
      -0.008372984780671477,
      -0.0059822303116345565,
      -0.004195742600679167,
      -0.0028590571788178728,
      -0.0018659183122906305,
      -0.00116876962389613,
      -0.0006471685032762872,
      -0.000316786011890205,
      -0.00015788484443525415,
      -8.279342862808499e-05,
      -4.1681008208714446e-05,
      -2.0398130758861e-05,
      -9.705805456303847e-06,
      -4.203053297637941e-06,
      -1.0558909751668e-06,
      -6.722862602143333e-08
    ],
    "O3pl1*O3pl2": [
      0.0,
      0.0,
      0.0,
      0.0,
      0.0,
      0.0,
      0.0,
      0.0,
      0.0,
      0.0,
      0.0,
      0.0,
      0.0,
      0.0,
      0.0,
      0.0,
      0.0,
      0.0,
      0.0,
      0.0,
      0.0,
      0.0,
      0.00031219865826763335,
      0.00035079890544100005,
      0.000338360162271175,
      0.0003003485960868556,
      0.00025317572355596,
      0.00020620098179026364,
      0.00016094608042636427,
      0.00012125158870026667,
      8.757843273619e-05,
      6.005246747641304e-05,
      3.916759044074e-05,
      2.2507342782059573e-05,
      1.1378389752493334e-05,
      5.801107296993333e-06,
      3.089257182467143e-06,
      1.5747409383511112e-06,
      7.78524469984e-07,
      3.7347588568692306e-07,
      1.6291012687529412e-07,
      4.12642442418e-08,
      2.6591991056557083e-09
    ],
    "O3pl1*O3pq": [
      0.0,
      0.0,
      0.0,
      0.0,
      0.0,
      0.0,
      0.0,
      0.0,
      0.0,
      0.0,
      0.0,
      0.0,
      0.0,
      0.0,
      0.0,
      0.0,
      0.0,
      0.0,
      0.0,
      0.0,
      0.0,
      0.0,
      -0.00212226208322505,
      -0.0013698315115420214,
      -0.0008889975888141813,
      -0.0005822482448946333,
      -0.00038547934473487496,
      -0.0002581106487533636,
      -0.0001697529467726857,
      -0.00011010187795546334,
      -6.97303684897525e-05,
      -4.240414251911087e-05,
      -2.4881550833548334e-05,
      -1.287399315839468e-05,
      -5.890877645070834e-06,
      -2.7810641788765688e-06,
      -1.3991573615982427e-06,
      -6.785453090348794e-07,
      -3.210301117968332e-07,
      -1.4822403299428002e-07,
      -6.23252721761375e-08,
      -1.5080968397853163e-08,
      -8.995390593421581e-10
    ],
    "O3pl1*Oed": [
      0.0,
      0.0,
      0.0,
      0.0,
      0.0,
      0.0,
      0.0,
      0.0,
      0.0,
      0.0,
      0.0,
      0.0,
      0.0,
      0.0,
      0.0,
      0.0,
      0.0,
      0.0,
      0.0,
      0.0,
      0.0,
      0.0,
      -0.0007540092397558167,
      -0.0006444621921621286,
      -0.0005489471369771125,
      -0.0004664036569075,
      -0.00039551687477515,
      -0.00033495075942894544,
      -0.00027967226915966424,
      -0.00023082808208652666,
      -0.00018708665959137,
      -0.00014790387001253043,
      -0.00011404025891811332,
      -8.179388421590851e-05,
      -5.465519644670667e-05,
      -3.6849915353445e-05,
      -2.5446615364165714e-05,
      -1.708561153020111e-05,
      -1.1250780234357e-05,
      -7.234384071397692e-06,
      -4.3632870212147055e-06,
      -1.793663631012e-06,
      -2.6158489167573334e-07
    ],
    "O3pl1*Oeu": [
      0.0,
      0.0,
      0.0,
      0.0,
      0.0,
      0.0,
      0.0,
      0.0,
      0.0,
      0.0,
      0.0,
      0.0,
      0.0,
      0.0,
      0.0,
      0.0,
      0.0,
      0.0,
      0.0,
      0.0,
      0.0,
      0.0,
      0.0015935247025247667,
      0.0013720016537060572,
      0.001178221261658225,
      0.0010099872649640222,
      0.0008646807748491599,
      0.0007396843304742,
      0.0006246694657712572,
      0.0005220846871810067,
      0.00042916957411061996,
      0.0003448460390624739,
      0.00027081087401541334,
      0.00019889438225847446,
      0.00013682790929621334,
      9.491762691070167e-05,
      6.727557904043143e-05,
      4.640623189446222e-05,
      3.1395614732536e-05,
      2.0731275993181537e-05,
      1.285855683852588e-05,
      5.5085986895574e-06,
      8.707048110511999e-07
    ],
    "O3pl1*Old": [
      0.0,
      0.0,
      0.0,
      0.0,
      0.0,
      0.0,
      0.0,
      0.0,
      0.0,
      0.0,
      0.0,
      0.0,
      0.0,
      0.0,
      0.0,
      0.0,
      0.0,
      0.0,
      0.0,
      0.0,
      0.0,
      0.0,
      -0.0004277676469940834,
      -0.00038417620784572144,
      -0.0003408493835054188,
      -0.00029936558998953336,
      -0.000260784875069165,
      -0.00022571430123347272,
      -0.0001920514052118893,
      -0.00016107358269081665,
      -0.0001323559008490525,
      -0.00010589918687220435,
      -8.248088632533333e-05,
      -5.971766327623085e-05,
      -4.0225704789020834e-05,
      -2.7268935395911665e-05,
      -1.889723460797643e-05,
      -1.2722289749358332e-05,
      -8.39428263097e-06,
      -5.405457462311539e-06,
      -3.263881900490588e-06,
      -1.3431630663333e-06,
      -1.9606390435216665e-07
    ],
    "O3pl1*Oll": [
      0.0,
      0.0,
      0.0,
      0.0,
      0.0,
      0.0,
      0.0,
      0.0,
      0.0,
      0.0,
      0.0,
      0.0,
      0.0,
      0.0,
      0.0,
      0.0,
      0.0,
      0.0,
      0.0,
      0.0,
      0.0,
      0.0,
      -0.0025591037526700665,
      -0.0018318136127396785,
      -0.0013196006213412874,
      -0.0009559294991597279,
      -0.00069545622979663,
      -0.00050760859051455,
      -0.000362670173979875,
      -0.00025436509784649,
      -0.000173329124363305,
      -0.00011312045987993913,
      -7.085615445921999e-05,
      -3.9234311961953195e-05,
      -1.9205016581601665e-05,
      -9.571700587869998e-06,
      -5.01931595041e-06,
      -2.5268931414005554e-06,
      -1.236627878213e-06,
      -5.884102690419231e-07,
      -2.5480829311823526e-07,
      -6.40129325102e-08,
      -4.07570645246709e-09
    ],
    "O3pl1*Olq1": [
      0.0,
      0.0,
      0.0,
      0.0,
      0.0,
      0.0,
      0.0,
      0.0,
      0.0,
      0.0,
      0.0,
      0.0,
      0.0,
      0.0,
      0.0,
      0.0,
      0.0,
      0.0,
      0.0,
      0.0,
      0.0,
      0.0,
      0.00048404158180160835,
      0.0004407406635955286,
      0.0003971100214041375,
      0.0003546991201100445,
      0.000314602820866915,
      0.00027750774488855456,
      0.00024119912243212858,
      0.00020706676145628336,
      0.00017463478443277748,
      0.00014392808083118914,
      0.000115863241808055,
      8.749159658901063e-05,
      6.199994047341083e-05,
      4.4125015379475005e-05,
      3.194571978199928e-05,
      2.248672886189889e-05,
      1.5502814978394e-05,
      1.0416093989020383e-05,
      6.572633260720882e-06,
      2.8828844684719e-06,
      4.7476976244059996e-07
    ],
    "O3pl1*Olq3": [
      0.0,
      0.0,
      0.0,
      0.0,
      0.0,
      0.0,
      0.0,
      0.0,
      0.0,
      0.0,
      0.0,
      0.0,
      0.0,
      0.0,
      0.0,
      0.0,
      0.0,
      0.0,
      0.0,
      0.0,
      0.0,
      0.0,
      -0.0016126603480239666,
      -0.0014269686718427215,
      -0.001252998979808875,
      -0.00109325074306685,
      -0.00094895173688034,
      -0.0008203743519493864,
      -0.0006986459479022179,
