{
  "best_sm": [
    759.720947266,
    680.063354492,
    546.918212891,
    210.328567505,
    659.172729492,
    586.029541016,
    448.680419922,
    146.579772949,
    298.614074707,
    260.078613281,
    187.634674072,
    47.8807029724,
    30.2978191376,
    25.0409259796,
    15.9287939072,
    2.68953275681
  ],
  "scales": [
    370.0,
    370.0,
    370.0,
    370.0,
    450.0,
    450.0,
    450.0,
    450.0,
    575.0,
    575.0,
    575.0,
    575.0,
    1075.0,
    1075.0,
    1075.0,
    1075.0
  ],
  "theory_cov_current": [
    [
      108.277840583,
      60.715907014,
      18.1242987673,
      -2.12458962834,
      88.9979167519,
      48.9830859096,
      15.0758837176,
      -2.28572410713,
      29.6875161895,
      19.0189442869,
      7.71705412528,
      -1.66244233348,
      0.879372718366,
      1.18310648763,
      0.754747729136,
      -0.318837161946
    ],
    [
      60.715907014,
      53.8216302855,
      30.3390151094,
      4.50275292486,
      60.2014876696,
      48.1272933089,
      21.7705014931,
      4.07853983432,
      30.2186641155,
      19.661978638,
      7.78186414146,
      1.78229245105,
      2.64801316754,
      1.61494873181,
      1.02022439539,
      0.0610890082844
    ],
    [
      18.1242987673,
      30.3390151094,
      42.8996656632,
      12.090875862,
      21.1369857871,
      38.088964552,
      38.3167396739,
      8.89415225127,
      17.1409555997,
      22.7944521938,
      14.0203479625,
      3.35580267201,
      3.43354218861,
      2.22505212622,
      1.07593750976,
      0.264778344665
    ],
    [
      -2.12458962834,
      4.50275292486,
      12.090875862,
      18.1917050763,
      3.14861595016,
      8.91002086664,
      15.0704485713,
      17.5146372454,
      6.0698661257,
      7.78269917674,
      11.0756801576,
      8.28789327212,
      1.63761011979,
      1.77504200381,
      1.98647353976,
      0.745302127539
    ],
    [
      88.9979167519,
      60.2014876696,
      21.1369857871,
      3.14861595016,
      88.5897895236,
      53.3137108815,
      15.762500198,
      3.45154513343,
      40.9071613876,
      22.872458557,
      7.97661847202,
      1.64643524067,
      2.95502303341,
      2.18812791562,
      1.41256536787,
      0.0448477259613
    ],
    [
      48.9830859096,
      48.1272933089,
      38.088964552,
      8.91002086664,
      53.3137108815,
      51.0978830142,
      31.1951129831,
      7.5059803625,
      31.4097489328,
      25.8644327161,
      11.8176062295,
      3.33764118437,
      3.8888963329,
      2.46319891962,
      1.41299913775,
      0.245665004792
    ],
    [
      15.0758837176,
      21.7705014931,
      38.3167396739,
      15.0704485713,
      15.762500198,
      31.1951129831,
      40.2588751248,
      11.4162234124,
      12.553351955,
      22.0223284617,
      18.2399322208,
      4.14157288939,
      3.13846986759,
      2.60140194056,
      1.43727183379,
      0.320914461647
    ],
    [
      -2.28572410713,
      4.07853983432,
      8.89415225127,
      17.5146372454,
      3.45154513343,
      7.5059803625,
      11.4162234124,
      17.5885547624,
      6.11541995209,
      6.24645338506,
      9.57123424174,
      8.65833746284,
      1.46652774183,
      1.61456674827,
      2.005052484,
      0.798300587164
    ],
    [
      29.6875161895,
      30.2186641155,
      17.1409555997,
      6.0698661257,
      40.9071613876,
      31.4097489328,
      12.553351955,
      6.11541995209,
      26.711577553,
      15.5192953937,
      5.46428180556,
      3.18377655027,
      2.99992603285,
      1.83951963612,
      1.16190274192,
      0.277519551544
    ],
    [
      19.0189442869,
      19.661978638,
      22.7944521938,
      7.78269917674,
      22.872458557,
      25.8644327161,
      22.0223284617,
      6.24645338506,
      15.5192953937,
      16.3760554441,
      9.50950511149,
      2.61677937043,
      2.54643023838,
      1.81983444318,
      0.994401978564,
      0.225115786838
    ],
    [
      7.71705412528,
      7.78186414146,
      14.0203479625,
      11.0756801576,
      7.97661847202,
      11.8176062295,
      18.2399322208,
      9.57123424174,
      5.46428180556,
      9.50950511149,
      11.5259705215,
      3.79921587983,
      1.3946280648,
      1.59440003745,
      1.27063040789,
      0.28520562707
    ],
    [
      -1.66244233348,
      1.78229245105,
      3.35580267201,
      8.28789327212,
      1.64643524067,
      3.33764118437,
      4.14157288939,
      8.65833746284,
      3.18377655027,
      2.61677937043,
      3.79921587983,
      4.48140302856,
      0.694861702008,
      0.716357674043,
      0.972470105939,
      0.432706249793
    ],
    [
      0.879372718366,
      2.64801316754,
      3.43354218861,
      1.63761011979,
      2.95502303341,
      3.8888963329,
      3.13846986759,
      1.46652774183,
      2.99992603285,
      2.54643023838,
      1.3946280648,
      0.694861702008,
      0.520775875288,
      0.337754129909,
      0.204817178233,
      0.0658437010099
    ],
    [
      1.18310648763,
      1.61494873181,
      2.22505212622,
      1.77504200381,
      2.18812791562,
      2.46319891962,
      2.60140194056,
      1.61456674827,
      1.83951963612,
      1.81983444318,
      1.59440003745,
      0.716357674043,
      0.337754129909,
      0.294250361,
      0.223105262297,
      0.061230459087
    ],
    [
      0.754747729136,
      1.02022439539,
      1.07593750976,
      1.98647353976,
      1.41256536787,
      1.41299913775,
      1.43727183379,
      2.005052484,
      1.16190274192,
      0.994401978564,
      1.27063040789,
      0.972470105939,
      0.204817178233,
      0.223105262297,
      0.259334288981,
      0.0839954369039
    ],
    [
      -0.318837161946,
      0.0610890082844,
      0.264778344665,
      0.745302127539,
      0.0448477259613,
      0.245665004792,
      0.320914461647,
      0.798300587164,
      0.277519551544,
      0.225115786838,
      0.28520562707,
      0.432706249793,
      0.0658437010099,
      0.061230459087,
      0.0839954369039,
      0.0451732690564
    ]
  ],
  "LO": {
    "SM": [
      430.62440475,
      391.626041656,
      317.844270824,
      120.2662037,
      484.092857129,
      432.621874988,
      332.840624992,
      102.132407405,
      227.554761899,
      197.833333327,
      139.456041662,
      32.5031481471,
      24.1649579833,
      19.4690808821,
      11.7863235297,
      1.70284313727
    ],
    "O11qq": [
      0.0,
      0.0,
      0.0,
      0.0,
      0.0,
      0.0,
      0.0,
      0.0,
      0.0,
      0.0,
      0.0,
      0.0,
      0.0,
      0.0,
      0.0,
      0.0
    ],
    "O13qq": [
      0.0,
      0.0,
      0.0,
      0.0,
      0.0,
      0.0,
      0.0,
      0.0,
      0.0,
      0.0,
      0.0,
      0.0,
      0.0,
      0.0,
      0.0,
      0.0
    ],
    "O1dt": [
      0.0,
      0.0,
      0.0,
      0.0,
      0.0,
      0.0,
      0.0,
      0.0,
      0.0,
      0.0,
      0.0,
      0.0,
      0.0,
      0.0,
      0.0,
      0.0
    ],
    "O1qd": [
      0.0,
      0.0,
      0.0,
      0.0,
      0.0,
      0.0,
      0.0,
      0.0,
      0.0,
      0.0,
      0.0,
      0.0,
      0.0,
      0.0,
      0.0,
      0.0
    ],
    "O1qt": [
      0.0,
      0.0,
      0.0,
      0.0,
      0.0,
      0.0,
      0.0,
      0.0,
      0.0,
      0.0,
      0.0,
      0.0,
      0.0,
      0.0,
      0.0,
      0.0
    ],
    "O1qu": [
      0.0,
      0.0,
      0.0,
      0.0,
      0.0,
      0.0,
      0.0,
      0.0,
      0.0,
      0.0,
      0.0,
      0.0,
      0.0,
      0.0,
      0.0,
      0.0
    ],
    "O1ut": [
      0.0,
      0.0,
      0.0,
      0.0,
      0.0,
      0.0,
      0.0,
      0.0,
      0.0,
      0.0,
      0.0,
      0.0,
      0.0,
      0.0,
      0.0,
      0.0
    ],
    "O81qq": [
      3.87552682274,
      3.79538451499,
      3.35829318155,
      2.24413765132,
      4.77357467763,
      4.73437513771,
      4.70751369729,
      2.43373244876,
      3.24788467316,
      2.92659058957,
      2.85193497129,
      1.21777366867,
      0.818434320375,
      0.78959430657,
      0.637186169443,
      0.139868262902
    ],
    "O83qq": [
      0.150483445004,
      0.0516669752899,
      0.411805155426,
      0.710879662816,
      0.53880516078,
      0.501881467225,
      0.71690013762,
      0.878476138686,
      0.372712852634,
      0.473561319233,
      0.727289405116,
      0.563242136172,
      0.140979282042,
      0.135340243611,
      0.245872760136,
      0.0647481707181
    ],
    "O8dt": [
      1.69323869124,
      1.76765881129,
      1.58851858287,
      0.707898403135,
      2.27303092555,
      2.08851925244,
      1.75639479354,
      0.759739660949,
      1.56596679857,
      1.2949798649,
      1.14174007904,
      0.338110457398,
      0.347775590693,
      0.265880992283,
      0.175497502821,
      0.034974824727
    ],
    "O8qd": [
      1.69509347949,
      1.89810286165,
      1.54357150816,
      0.695155293117,
      2.19843349999,
      2.12233732643,
      1.95590521839,
      0.749617303766,
      1.51765718975,
      1.354920563,
      1.15747586408,
      0.332800828399,
      0.3223949421,
      0.265737791268,
      0.162239489383,
      0.0326440096589
    ],
    "O8qt": [
      3.68921212541,
      3.87986341595,
      3.66919619587,
      2.28553057301,
      5.14812759662,
      4.85419036482,
      4.80849843668,
      2.51127628538,
      3.16236109137,
      3.0796230178,
      2.96315149694,
      1.13221622881,
      0.815118295032,
      0.739601862165,
      0.593859384259,
      0.132874403422
    ],
    "O8qu": [
      1.96068001889,
      2.43437831769,
      1.95503388973,
      1.55926425251,
      2.51404430195,
      2.61594989091,
      2.85033307581,
      1.72919233047,
      1.93659174478,
      1.92616343315,
      1.86371254749,
      0.868248770248,
      0.471257982644,
      0.467716554877,
      0.4129522179,
      0.0914773056726
    ],
    "O8ut": [
      1.94571234537,
      2.04058260287,
      2.15577087164,
      1.39457648139,
      2.51142508904,
      2.56585942109,
      2.55962995069,
      1.72266608352,
      1.67906203766,
      1.86037337575,
      1.77549842817,
      0.870062294242,
      0.492458930719,
      0.535445649881,
      0.406429558906,
      0.108383119251
    ],
    "OtG": [
      165.620670909,
      152.823525413,
      122.610844631,
      42.8710691428,
      165.397374939,
      145.923971358,
      110.786888384,
      33.0870676148,
      71.6479762112,
      60.9235475233,
      43.7423098339,
      10.3041268496,
      7.25475967816,
      5.99673449096,
      3.5116731,
      0.522677827551
    ],
    "O11qq*O11qq": [
      0.513807693188,
      0.507215712443,
      0.489986719053,
      0.304320355805,
      1.07837305865,
      1.06553550187,
      1.02867790642,
      0.538592267179,
      1.38411644286,
      1.36359142502,
      1.26719967003,
      0.500456576927,
      1.21259262361,
      1.08681704994,
      0.79370817415,
      0.150017987889
    ],
    "O11qq*O13qq": [
      0.0694733235885,
      0.120657994944,
      0.121686925194,
      0.218168461593,
      0.188857745571,
      0.231356050306,
      0.402497535538,
      0.419024364401,
      0.269104484936,
      0.391715193029,
      0.595184155447,
      0.454419018503,
      0.428348983979,
      0.576484015901,
      0.64282145783,
      0.146479858627
    ],
    "O11qq*O1qt": [
      0.797933308721,
      0.789424212006,
      0.806940737164,
      0.504713995547,
      1.10227917616,
      1.09703500883,
      1.05354255746,
      0.572530415333,
      0.772505460517,
      0.780018647921,
      0.750784486644,
      0.308030968473,
      0.221060439092,
      0.211954168542,
      0.170434942075,
      0.0385000699082
    ],
    "O11qq*O83qq": [
      0.0,
      0.0,
      0.0,
      0.0,
      0.0,
      0.0,
      0.0,
      0.0,
      0.0,
      0.0,
      0.0,
      0.0,
      0.0,
      0.0,
      0.0,
      0.0
    ],
    "O11qq*O8qt": [
      0.0,
      0.0,
      0.0,
      0.0,
      0.0,
      0.0,
      0.0,
      0.0,
      0.0,
      0.0,
      0.0,
      0.0,
      0.0,
      0.0,
      0.0,
      0.0
    ],
    "O13qq*O13qq": [
      0.497090913094,
      0.500176801794,
      0.482742446914,
      0.307716775877,
      1.06792539182,
      1.07142187641,
      1.01465677527,
      0.540118722884,
      1.38457220926,
      1.36265968584,
      1.2641482242,
      0.504575022106,
      1.21493028241,
      1.09037292918,
      0.796426429116,
      0.149405119365
    ],
    "O13qq*O1qt": [
      0.0556997087107,
      0.0951156632394,
      0.146683305447,
      0.16757109497,
      0.118180549616,
      0.148625651373,
      0.198832638783,
      0.212361133763,
      0.0797841599199,
      0.136968411244,
      0.166738682396,
      0.126519269969,
      0.0196162959125,
      0.0530570456452,
      0.0598031634692,
      0.0187877440938
    ],
    "O13qq*O8qt": [
      0.0,
      0.0,
      0.0,
      0.0,
      0.0,
      0.0,
      0.0,
      0.0,
      0.0,
      0.0,
      0.0,
      0.0,
      0.0,
      0.0,
      0.0,
      0.0
    ],
    "O1dt*O1dt": [
      0.23163030089,
      0.229062663793,
      0.203322069952,
      0.0969321003597,
      0.487374344463,
      0.471820616016,
      0.417041319568,
      0.163807643587,
      0.628230639404,
      0.578143206478,
      0.478608630918,
      0.14150947929,
      0.501773328589,
      0.396944303156,
      0.235081952069,
      0.038291871932
    ],
    "O1dt*O1qd": [
      0.395404474167,
      0.366622875382,
      0.336975078805,
      0.162314848471,
      0.511457077879,
      0.484485648272,
      0.415717590622,
      0.174367556628,
      0.355581116378,
      0.350888498765,
      0.271176952135,
      0.0877314866822,
      0.100110864122,
      0.0755017712096,
      0.0540661631137,
      0.0092931129983
    ],
    "O1dt*O8qd": [
      0.0,
      0.0,
      0.0,
      0.0,
      0.0,
      0.0,
      0.0,
      0.0,
      0.0,
      0.0,
      0.0,
      0.0,
      0.0,
      0.0,
      0.0,
      0.0
    ],
    "O1qd*O1qd": [
      0.255974837169,
      0.257658853527,
      0.240217455689,
      0.106684752008,
      0.562704358766,
      0.543153173966,
      0.470240307392,
      0.176450496803,
      0.696809081036,
      0.645276646854,
      0.520341212382,
      0.148092174332,
      0.499987215757,
      0.391967835105,
      0.226515815581,
      0.0356583087655
    ],
    "O1qt*O1qt": [
      0.576078581055,
      0.577170521847,
      0.534697219992,
      0.340008544254,
      1.23367986793,
      1.22323081492,
      1.17987728544,
      0.59045484081,
      1.56534244008,
      1.53914147081,
      1.38557657185,
      0.526211577527,
      1.2266169916,
      1.09056454323,
      0.770201454422,
      0.138535591963
    ],
    "O1qu*O1qu": [
      0.310035615319,
      0.318745810195,
      0.321458103104,
      0.225237893501,
      0.678450723973,
      0.689522978029,
      0.702190335003,
      0.408273585598,
      0.859528759876,
      0.88226074421,
      0.872134828643,
      0.382713793897,
      0.724382811783,
      0.697211322391,
      0.544432355966,
      0.103055562315
    ],
    "O1ut*O1qu": [
      0.452176107397,
      0.455409686507,
      0.443631630068,
      0.341576621114,
      0.585708819858,
      0.623623213714,
      0.636473357224,
      0.398717301406,
      0.426429232428,
      0.446967465859,
      0.481388960632,
      0.209500989611,
      0.127897781932,
      0.13278346721,
      0.112391485918,
      0.0270459669579
    ],
    "O1ut*O1ut": [
      0.269090871851,
      0.273286295727,
      0.283977395582,
      0.209358679018,
      0.587744827207,
      0.590592310582,
      0.596751005581,
      0.375150716987,
      0.757759145523,
      0.775021158335,
      0.784091347456,
      0.363308587736,
      0.710257655563,
      0.688619685755,
      0.559000307053,
      0.111789882283
    ],
    "O1ut*O8qu": [
      0.0,
      0.0,
      0.0,
      0.0,
      0.0,
      0.0,
      0.0,
      0.0,
      0.0,
      0.0,
      0.0,
      0.0,
      0.0,
      0.0,
      0.0,
      0.0
    ],
    "O81qq*O11qq": [
      0.0,
      0.0,
      0.0,
      0.0,
      0.0,
      0.0,
      0.0,
      0.0,
      0.0,
      0.0,
      0.0,
      0.0,
      0.0,
      0.0,
      0.0,
      0.0
    ],
    "O81qq*O13qq": [
      0.0,
      0.0,
      0.0,
      0.0,
      0.0,
      0.0,
      0.0,
      0.0,
      0.0,
      0.0,
      0.0,
      0.0,
      0.0,
      0.0,
      0.0,
      0.0
    ],
    "O81qq*O1qt": [
      0.0,
      0.0,
      0.0,
      0.0,
      0.0,
      0.0,
      0.0,
      0.0,
      0.0,
      0.0,
      0.0,
      0.0,
      0.0,
      0.0,
      0.0,
      0.0
    ],
    "O81qq*O81qq": [
      0.112840464641,
      0.113371516908,
      0.108759373371,
      0.0680820841883,
      0.2376688094,
      0.234678089965,
      0.229877671461,
      0.119393388659,
      0.306885914649,
      0.302096656116,
      0.280165830659,
      0.112417060022,
      0.270637692442,
      0.241366161169,
      0.175968664529,
      0.0334710570809
    ],
    "O81qq*O83qq": [
      0.0155161855664,
      0.0199278919674,
      0.0334280410948,
      0.0469845344524,
      0.0385387471927,
      0.0475970745652,
      0.0787488004431,
      0.0974760910338,
      0.0596149210036,
      0.0863010972228,
      0.131737854108,
      0.0975938847921,
      0.0895126828136,
      0.130063944673,
      0.145133107423,
      0.0322206555253
    ],
    "O81qq*O8qt": [
      0.181095026789,
      0.173044229963,
      0.180065916234,
      0.111752550706,
      0.24180841218,
      0.250701261574,
      0.229445240738,
      0.123455036916,
      0.18467679025,
      0.176188154495,
      0.154096541808,
      0.0668460764666,
      0.0469793532535,
      0.0465083241839,
      0.0350046950251,
      0.00772634747861
    ],
    "O83qq*O13qq": [
      0.0,
      0.0,
      0.0,
      0.0,
      0.0,
      0.0,
      0.0,
      0.0,
      0.0,
      0.0,
      0.0,
      0.0,
      0.0,
      0.0,
      0.0,
      0.0
    ],
    "O83qq*O1qt": [
      0.0,
      0.0,
      0.0,
      0.0,
      0.0,
      0.0,
      0.0,
      0.0,
      0.0,
      0.0,
      0.0,
      0.0,
      0.0,
      0.0,
      0.0,
      0.0
    ],
    "O83qq*O83qq": [
      0.111048856883,
      0.115441091305,
      0.109526105598,
      0.0675879125812,
      0.239574966911,
      0.238008147337,
      0.227492976318,
      0.119767230022,
      0.306210010774,
      0.30060814607,
      0.278910977982,
      0.111780957986,
      0.26984423441,
      0.242170590002,
      0.17619778868,
      0.033365596324
    ],
    "O83qq*O8qt": [
      0.0144780289858,
      0.00498508535681,
      0.0285786653894,
      0.0375994923007,
      0.0114650568831,
      0.0287987762127,
      0.0416651854715,
      0.0470095010043,
      0.0199493104167,
      0.0281892955609,
      0.0328464723104,
      0.0294445695887,
      0.0109252074515,
      0.0112845689805,
      0.0128859760102,
      0.00363419718098
    ],
    "O8dt*O1dt": [
      0.0,
      0.0,
      0.0,
      0.0,
      0.0,
      0.0,
      0.0,
      0.0,
      0.0,
      0.0,
      0.0,
      0.0,
      0.0,
      0.0,
      0.0,
      0.0
    ],
    "O8dt*O1qd": [
      0.0,
      0.0,
      0.0,
      0.0,
      0.0,
      0.0,
      0.0,
      0.0,
      0.0,
      0.0,
      0.0,
      0.0,
      0.0,
      0.0,
      0.0,
      0.0
    ],
    "O8dt*O8dt": [
      0.0533254251429,
      0.0512711239881,
      0.0458620148027,
      0.0218481106599,
      0.108619990743,
      0.104629614557,
      0.0932914320435,
      0.0363363856226,
      0.13806893905,
      0.129643238596,
      0.105908429573,
      0.0318946820883,
      0.11131885479,
      0.0885303637883,
      0.0527593305638,
      0.00852235491814
    ],
    "O8dt*O8qd": [
      0.0820393566368,
      0.0772066412691,
      0.0743973644525,
      0.0362393963964,
      0.115437323024,
      0.10823848558,
      0.0965800009436,
      0.03840514765,
      0.0795697457997,
      0.0782571039961,
      0.0621498649828,
      0.0191298720973,
      0.0211198356128,
      0.017394681759,
      0.0106063655921,
      0.00218384558169
    ],
    "O8qd*O1qd": [
      0.0,
      0.0,
      0.0,
      0.0,
      0.0,
      0.0,
      0.0,
      0.0,
      0.0,
      0.0,
      0.0,
      0.0,
      0.0,
      0.0,
      0.0,
      0.0
    ],
    "O8qd*O8qd": [
      0.0589513328328,
      0.0567655106031,
      0.0514593909483,
      0.0238798212315,
      0.1252229095,
      0.119167598889,
      0.104479882622,
      0.0394630971189,
      0.155213767785,
      0.142980377386,
      0.114737149778,
      0.032621128636,
      0.110662755088,
      0.0867704145105,
      0.0505089291412,
      0.00784484234046
    ],
    "O8qt*O1qt": [
      0.0,
      0.0,
      0.0,
      0.0,
      0.0,
      0.0,
      0.0,
      0.0,
      0.0,
      0.0,
      0.0,
      0.0,
      0.0,
      0.0,
      0.0,
      0.0
    ],
    "O8qt*O8qt": [
      0.128034728781,
      0.133355995894,
      0.12285073376,
      0.0752212673529,
      0.279079953138,
      0.275278872948,
      0.25908783366,
      0.131559758945,
      0.347757923835,
      0.338824556482,
      0.31025836613,
      0.116612101257,
      0.272202737873,
      0.241471449812,
      0.172056952864,
      0.0308107075222
    ],
    "O8qu*O1qu": [
      0.0,
      0.0,
      0.0,
      0.0,
      0.0,
      0.0,
      0.0,
      0.0,
      0.0,
      0.0,
      0.0,
      0.0,
      0.0,
      0.0,
      0.0,
      0.0
    ],
    "O8qu*O8qu": [
      0.0708983942193,
      0.0690293507199,
      0.0729307811427,
      0.0506077235012,
      0.151998816315,
      0.154669930831,
      0.155041116144,
      0.0914399238404,
      0.193354753089,
      0.195342186183,
      0.19286766162,
      0.0835269725374,
      0.161719473961,
      0.154522776859,
      0.121230086883,
      0.0230264548868
    ],
    "O8ut*O1qu": [
      0.0,
      0.0,
      0.0,
      0.0,
      0.0,
      0.0,
      0.0,
      0.0,
      0.0,
      0.0,
      0.0,
      0.0,
      0.0,
      0.0,
      0.0,
      0.0
    ],
    "O8ut*O1ut": [
      0.0,
      0.0,
      0.0,
      0.0,
      0.0,
      0.0,
      0.0,
      0.0,
      0.0,
      0.0,
      0.0,
      0.0,
      0.0,
      0.0,
      0.0,
      0.0
    ],
    "O8ut*O8qu": [
      0.0884865631747,
      0.095858923111,
      0.102781509175,
      0.0736210756665,
      0.133209592755,
      0.131771624201,
      0.136109545235,
      0.0863489907269,
      0.100021709707,
      0.102808835434,
      0.102648558695,
      0.0497053708061,
      0.0284639363775,
      0.0288054387822,
      0.0256046405326,
      0.00565675176217
    ],
    "O8ut*O8ut": [
      0.0607370537552,
      0.0609873900825,
      0.0627534891816,
      0.0459717566801,
      0.129511970905,
      0.132783761755,
      0.135547219795,
      0.08312525403,
      0.168669831529,
      0.173244688546,
      0.175088259213,
      0.0801532110741,
      0.158357237141,
      0.153068079401,
      0.123885377929,
      0.0247157044854
    ],
    "OtG*O11qq": [
      0.0,
      0.0,
      0.0,
      0.0,
      0.0,
      0.0,
      0.0,
      0.0,
      0.0,
      0.0,
      0.0,
      0.0,
      0.0,
      0.0,
      0.0,
      0.0
    ],
    "OtG*O13qq": [
      0.0,
      0.0,
      0.0,
      0.0,
      0.0,
      0.0,
      0.0,
      0.0,
      0.0,
      0.0,
      0.0,
      0.0,
      0.0,
      0.0,
      0.0,
      0.0
    ],
    "OtG*O1dt": [
      0.0,
      0.0,
      0.0,
      0.0,
      0.0,
      0.0,
      0.0,
      0.0,
      0.0,
      0.0,
      0.0,
      0.0,
      0.0,
      0.0,
      0.0,
      0.0
    ],
    "OtG*O1qd": [
      0.0,
      0.0,
      0.0,
      0.0,
      0.0,
      0.0,
      0.0,
      0.0,
      0.0,
      0.0,
      0.0,
      0.0,
      0.0,
      0.0,
      0.0,
      0.0
    ],
    "OtG*O1qt": [
      0.0,
      0.0,
      0.0,
      0.0,
      0.0,
      0.0,
      0.0,
      0.0,
      0.0,
      0.0,
      0.0,
      0.0,
      0.0,
      0.0,
      0.0,
      0.0
    ],
    "OtG*O1qu": [
      0.0,
      0.0,
      0.0,
      0.0,
      0.0,
      0.0,
      0.0,
      0.0,
      0.0,
      0.0,
      0.0,
      0.0,
      0.0,
      0.0,
      0.0,
      0.0
    ],
    "OtG*O1ut": [
      0.0,
      0.0,
      0.0,
      0.0,
      0.0,
      0.0,
      0.0,
      0.0,
      0.0,
      0.0,
      0.0,
      0.0,
      0.0,
      0.0,
      0.0,
      0.0
    ],
    "OtG*O81qq": [
      0.487102600534,
      0.42736807842,
      0.496272871702,
      0.309938964961,
      0.689277012752,
      0.627857819059,
      0.633348153217,
      0.350458094338,
      0.526477652244,
      0.523883732401,
      0.525283878692,
      0.190927230159,
      0.139435203342,
      0.140814969655,
      0.103318549852,
      0.0227223675174
    ],
    "OtG*O83qq": [
      0.107578187777,
      0.0397797908698,
      0.158842665131,
      0.1153951804,
      0.0827759872115,
      0.0987555261559,
      0.086980658558,
      0.134140813302,
      0.0398869515218,
      0.0938134237906,
      0.133050665155,
      0.0785876142209,
      0.0131823664118,
      0.0281985293342,
      0.0365146319466,
      0.0128985660855
    ],
    "OtG*O8dt": [
      0.247339634121,
      0.218026645887,
      0.209541934272,
      0.104313394498,
      0.322561800611,
      0.284675419874,
      0.252719272647,
      0.112360723589,
      0.211700851719,
      0.229222839939,
      0.187282097827,
      0.0508358907584,
      0.0665837968966,
      0.0521314352777,
      0.0309645353602,
      0.00553083976757
    ],
    "OtG*O8qd": [
      0.228702376638,
      0.227520686808,
      0.246219187962,
      0.117268163589,
      0.323290964966,
      0.313600544377,
      0.284714110297,
      0.114402383784,
      0.219586833011,
      0.235553270606,
      0.186811809746,
      0.0553348671019,
      0.0680469813076,
      0.050225168198,
      0.0275995349283,
      0.00632460891798
    ],
    "OtG*O8qt": [
      0.552876304509,
      0.520857926356,
      0.533830453773,
      0.320330363809,
      0.716159985711,
      0.691381104327,
      0.662341034975,
      0.354343149283,
      0.44720143604,
      0.535341128603,
      0.459126315215,
      0.18217501588,
      0.145412801855,
      0.135496156744,
      0.0998797023096,
      0.0222246282448
    ],
    "OtG*O8qu": [
      0.345984017357,
      0.300042430511,
      0.264149701485,
      0.223696467398,
      0.424405145272,
      0.370458377998,
      0.40237753288,
      0.2528780397,
      0.290134057678,
      0.295408240336,
      0.311619018005,
      0.14286510477,
      0.0813991117562,
      0.081893223509,
      0.0637635316833,
      0.0166425849305
    ],
    "OtG*O8ut": [
      0.328719358495,
      0.290937550379,
      0.272903329011,
      0.215845009537,
      0.417789900797,
      0.334334191964,
      0.372953748168,
      0.244505403322,
      0.230496344396,
      0.312474665226,
      0.276174535622,
      0.143565800333,
      0.083133453716,
      0.0896265929904,
      0.0726312308806,
      0.0170036628581
    ],
    "OtG*OtG": [
      26.3738576764,
      23.7869508817,
      18.5227398343,
      5.93046424236,
      27.5761270803,
      24.5576596601,
      18.221643559,
      4.97085678305,
      13.9330630488,
      11.7620412765,
      8.09530415816,
      1.72587595425,
      1.91990466123,
      1.51061264665,
      0.873246691183,
      0.112234355024
    ]
  },
  "NLO_QCD": {
    "SM": [
      661.970238143,
      593.317708377,
      469.218750031,
      174.169753099,
      714.950000033,
      631.106250038,
      487.256250029,
      152.870370382,
      328.426190499,
      286.277083351,
      202.504166679,
      49.8670370406,
      33.9342016855,
      28.0943382366,
      17.6041176485,
      2.71127451013
    ],
    "O11qq": [
      -2.71053392452,
      -1.4027430702,
      -1.89215655773,
      -0.35311030699,
      -0.338911778919,
      0.0894925834862,
      -1.22562231798,
      -0.25693686389,
      0.413114934259,
      -0.720610615331,
      0.489909411407,
      -0.0288979248739,
      0.157282129303,
      0.188216389262,
      0.115453154915,
      0.0564602553308
    ],
    "O13qq": [
      -0.926013077882,
      0.573652321406,
      -0.556788458173,
      -0.421090282099,
      0.448905641832,
      -0.213370617626,
      -0.708361725228,
      -0.0439614233288,
      0.133752178919,
      -0.513003135208,
      -0.112605848446,
      -0.0236556886636,
      -0.0579119908548,
      0.0376044286804,
      0.17483159551,
      0.0389058158039
    ],
    "O1dt": [
      -2.06504037091,
      -0.218220503533,
      -0.362401301248,
      -0.0767920314922,
      -0.401804600911,
      -0.231363187172,
      -0.554523796252,
      -0.138730304503,
      -0.367569344814,
      -0.268317164642,
      0.206686150158,
      -0.0290513076378,
      0.0640329547155,
      -0.019689389604,
      0.0506620356077,
      0.00869410629615
    ],
    "O1qd": [
      -0.373971290869,
      -0.166269890658,
      0.0087950571394,
      -0.0963000867449,
      0.194047661202,
      0.635974298312,
      -0.320905052026,
      -0.14805403038,
      0.155593810352,
      -0.476198462276,
      0.144068155775,
      -0.135478380412,
      -0.0682879264542,
      -0.117729593694,
      -0.0681491575124,
      -0.00650644887189
    ],
    "O1qt": [
      -0.798858561407,
      -0.109346347583,
      0.760791263242,
      0.115207150549,
      0.700642360405,
      0.237481897843,
      -1.18122664263,
      -0.113124340156,
      -0.327538784068,
      -0.124104594634,
      -0.416610209743,
      -0.273902198621,
      -0.0816187824323,
      -0.157061116655,
      -0.101548228718,
      -0.0294313052755
    ],
    "O1qu": [
      -0.713295978736,
      0.497879873411,
      0.980583720867,
      0.231961763035,
      -0.191209536196,
      0.129699384182,
      -0.95146774371,
      -0.225665780128,
      -0.172371240003,
      -0.555705016418,
      0.052928166569,
      -0.133572973555,
      -0.227007076658,
      -0.133743725191,
      -0.139694470817,
      -0.0228811375216
    ],
    "O1ut": [
      -1.16069287786,
      0.705655384184,
      -0.848107998858,
      0.00208023002454,
      -0.121616130231,
      0.348331720719,
      -0.769464552217,
      -0.112486921341,
      0.0896876252686,
      0.109930073112,
      0.110069024952,
      0.0631278829993,
      0.170895538347,
      -0.00505737084566,
      0.0342005162036,
      -0.00499839004034
    ],
    "O81qq": [
      4.29746688868,
      3.79747911289,
      3.90159474839,
      2.45239338306,
      5.45536333795,
      5.24323276528,
      4.3995766423,
      2.4745025823,
      2.90070709744,
      3.13560858228,
      2.98664482461,
      1.18938008055,
      0.793577737065,
      0.723829678583,
      0.561492111029,
      0.121213669706
    ],
    "O83qq": [
      0.193367154717,
      0.728240281285,
      1.05855032627,
      0.721793715068,
      0.903830543514,
      0.89149649485,
      0.926402458264,
      0.924941780316,
      0.199164088713,
      0.233470761897,
      0.926925195665,
      0.446889872276,
      0.12978652332,
      0.159594107533,
      0.171581936503,
      0.0555720466604
    ],
    "O8dt": [
      1.75227506094,
      1.71267791038,
      1.69677536443,
      0.771919148638,
      2.48425776624,
      2.36255291786,
      1.87666422428,
      0.667261344801,
      1.45535787347,
      1.28790168829,
      1.14587444599,
      0.332967464006,
      0.359427004386,
      0.289925982214,
      0.149623628881,
      0.0327488592261
    ],
    "O8qd": [
      2.0748771525,
      2.21519939923,
      2.12227604256,
      0.752543745625,
      2.6165481055,
      2.43892547197,
      1.98247835401,
      0.820475393248,
      1.4866990874,
      1.21427973603,
      1.17236963018,
      0.342940310458,
      0.307594730615,
      0.196818754748,
      0.157945659084,
      0.0298747460353
    ],
    "O8qt": [
      4.49297312571,
      4.51962595159,
      4.79785250507,
      2.67947739187,
      5.35909068491,
      5.41919085892,
      4.72087153915,
      2.49257530616,
      3.1670030741,
      3.1743720022,
      2.68281124918,
      1.14116221199,
      0.566013112149,
      0.441451576879,
      0.442139969485,
      0.0887814540086
    ],
    "O8qu": [
      2.69390316767,
      2.40377508053,
      2.48929524998,
      1.80872428061,
      2.67989272762,
      3.21763693575,
      2.90855461046,
      1.79431428609,
      1.57506442628,
      1.68563925542,
      1.84661200572,
      0.738189146271,
      0.32500511444,
      0.277187450781,
      0.326438132806,
      0.0715594009404
    ],
    "O8ut": [
      2.42442174525,
      2.19467339382,
      2.3034133518,
      1.71738720243,
      2.8260092814,
      2.32809726805,
      2.58567985692,
      1.59270774474,
      1.74177483459,
      1.43194801425,
      1.76010582796,
      0.848432154318,
      0.447832417952,
      0.393391468111,
      0.374970254433,
      0.0919567891071
    ],
    "OtG": [
      249.898587041,
      233.570661092,
      175.533334913,
      64.048223546,
      238.73519622,
      213.951914302,
      157.07378714,
      49.3998520716,
      102.078299809,
      88.5581491602,
      63.3388772731,
      15.1355412319,
      10.3134750025,
      8.28612677246,
      5.06567686745,
      0.791514066166
    ],
    "O11qq*O11qq": [
      1.28089366058,
      1.202933994,
      1.08670049557,
      0.574322768708,
      2.16335810756,
      2.06418465313,
      1.81981449267,
      0.802526578268,
      2.35890853295,
      2.24865381138,
      1.9089513897,
      0.651536280135,
      1.47233311195,
      1.29329570358,
      0.904253403392,
      0.15433054629
    ],
    "O11qq*O13qq": [
      0.248175595784,
      0.34937440315,
      0.375360502597,
      0.4062286721,
      0.601439523911,
      0.585502966101,
      0.762504941644,
      0.602963890775,
      0.636602709127,
      0.778674856328,
      1.00432380586,
      0.567307618549,
      0.518612341659,
      0.700294991856,
      0.686702180774,
      0.152315515773
    ],
    "O11qq*O1qt": [
      1.11655610853,
      1.12822024415,
      1.16795651688,
      0.782598475052,
      1.18831468701,
      1.2895295493,
      1.21488157253,
      0.690965204856,
      0.775482757975,
      0.802030198879,
      0.802922754856,
      0.327451559187,
      0.212282593941,
      0.212047239911,
      0.143335724995,
      0.0300962618053
    ],
    "O11qq*O83qq": [
      0.0236710460231,
      0.022778664769,
      -0.000111539493354,
      -0.00972440913068,
      -0.000154311073237,
      0.00571985825754,
      -0.0018641530704,
      0.00599959397693,
      0.00458149676402,
      0.0206964194267,
      0.0100185233099,
      -0.00237766126813,
      0.0167283078129,
      0.0267879587751,
      0.0277632437067,
      0.00395486873062
    ],
    "O11qq*O8qt": [
      -0.0139511826539,
      -0.00989542918297,
      -0.0216871801408,
      -0.0161622637176,
      -0.0222415682359,
      -0.0382760217047,
      -0.0226397651095,
      -0.0189163800607,
      0.00503533332415,
      -0.0493314290821,
      -0.0216007366913,
      -0.0113010258794,
      0.00260629936477,
      -0.0126537396527,
      0.00215222293371,
      -0.00120955116764
    ],
    "O13qq*O13qq": [
      1.31254989348,
      1.22194207315,
      1.12189302462,
      0.577097612255,
      2.16566526905,
      2.09069342701,
      1.82443970222,
      0.811372058178,
      2.37394563627,
      2.23835449493,
      1.90837568479,
      0.653726725115,
      1.47715246324,
      1.29754713281,
      0.89820536721,
      0.153441511556
    ],
    "O13qq*O1qt": [
      -0.0540621562286,
      0.0755585270165,
      0.136925756647,
      0.259226096478,
      0.0362271501741,
      0.0315832864805,
      0.220227568576,
      0.255337629287,
      0.0456286830299,
      0.0835025297497,
      0.181618131956,
      0.125355172077,
      -0.000471338552712,
      0.0526634369918,
      0.0522249507682,
      0.0158782961627
    ],
    "O13qq*O8qt": [
      0.00584205895051,
      0.0115095845732,
      -0.0192100864278,
      -0.00603342226997,
      -0.0120178342734,
      0.019279477182,
      -0.00628984637532,
      0.0034086212032,
      0.00507742469119,
      0.00327830263744,
      -0.00518016758952,
      -0.0012043610304,
      0.00360167861703,
      -0.0101389684235,
      -0.0024947754299,
      -0.000887234537568
    ],
    "O1dt*O1dt": [
      0.571421407329,
      0.5324162784,
      0.449267559123,
      0.188223045829,
      0.95939885098,
      0.89283429622,
      0.7244909465,
      0.25191542178,
      1.02839361456,
      0.921569711675,
      0.695934216228,
      0.187682043607,
      0.600485398339,
      0.475055343312,
      0.272844998943,
      0.03885899983
    ],
    "O1dt*O1qd": [
      0.544010960773,
      0.565551533927,
      0.544704002095,
      0.256888476382,
      0.590547817636,
      0.592616233664,
      0.528751712732,
      0.206308369869,
      0.408167935868,
      0.395560966982,
      0.306750196544,
      0.0896527493276,
      0.0870705752803,
      0.0702876373093,
      0.0471511289038,
      0.00791377316063
    ],
    "O1dt*O8qd": [
      -0.0131998808835,
      -0.0171584659742,
      -0.0127406284916,
      -0.00618692177509,
      -0.0197928219731,
      -0.0196569224025,
      -0.0148405722932,
      -0.0026977248693,
      -0.0108419364625,
      -0.00739542645021,
      0.00202670629739,
      -0.00105287734239,
      -0.000455628308059,
      -0.00270434406051,
      -0.00121857405633,
      -0.000239145809082
    ],
    "O1qd*O1qd": [
      0.597449768783,
      0.549074565299,
      0.468248084745,
      0.197905322755,
      1.02364940826,
      0.94303004547,
      0.764615870173,
      0.261485707547,
      1.08542136125,
      0.978800059656,
      0.743345862346,
      0.191125874259,
      0.595502288778,
      0.47116091734,
      0.265007482656,
      0.037041810943
    ],
    "O1qt*O1qt": [
      1.36820378702,
      1.27619116842,
      1.14061853746,
      0.599526917467,
      2.31912170641,
      2.19858583439,
      1.99535469821,
      0.856602227831,
      2.492597553,
      2.34877481239,
      2.01475786015,
      0.670972160669,
      1.47190260194,
      1.28798048223,
      0.882546282407,
      0.146701577617
    ],
    "O1qu*O1qu": [
      0.741164314376,
      0.723866924868,
      0.671624188739,
      0.403634650409,
      1.30478176224,
      1.27231913213,
      1.20572332044,
      0.594554286291,
      1.40979920689,
      1.38311972929,
      1.26855381954,
      0.479713086976,
      0.887938976072,
      0.826220995838,
      0.61483114707,
      0.108777225899
    ],
    "O1ut*O1qu": [
      0.541176279277,
      0.60083785741,
      0.654161515776,
      0.529326139972,
      0.611477894262,
      0.620028638743,
      0.72422550026,
      0.473300987249,
      0.482388689692,
      0.500144254257,
      0.459706658777,
      0.241879257185,
      0.112216054869,
      0.111357522548,
      0.0911866679218,
      0.0254119338651
    ],
    "O1ut*O1ut": [
      0.724829055123,
      0.699443178805,
      0.650151496683,
      0.38492620528,
      1.21034568017,
      1.18689834401,
      1.11044649361,
      0.564349338901,
      1.33747842931,
      1.31014096246,
      1.21434767849,
      0.462889172566,
      0.871890073417,
      0.823362577841,
      0.627337217482,
      0.116370535893
    ],
    "O1ut*O8qu": [
      -0.00350641370481,
      -0.0149958978521,
      -0.0157459769668,
      -0.00952322153442,
      -0.00351027643634,
      -0.00820825687653,
