{
  "best_sm": [
    175.5,
    72.52,
    35.47,
    19.45,
    11.62,
    7.448,
    5.069,
    3.663,
    2.844,
    2.419,
    2.267,
    2.337,
    2.717,
    4.022,
    9.628,
    91.62,
    111.9,
    9.209,
    3.064,
    1.609,
    1.015,
    0.6731,
    0.4617,
    0.3161,
    0.2204,
    0.1522,
    0.1078,
    0.07659,
    0.05372,
    0.03664,
    0.02395,
    0.01508,
    0.009164,
    0.004857,
    0.002273,
    0.001078,
    0.000494,
    0.0002331,
    5.118e-05,
    4.096e-06,
    1.557e-07
  ],
  "scales": [
    -1.0,
    -1.0,
    -1.0,
    -1.0,
    -1.0,
    -1.0,
    -1.0,
    -1.0,
    -1.0,
    -1.0,
    -1.0,
    -1.0,
    -1.0,
    -1.0,
    -1.0,
    -1.0,
    -1.0,
    -1.0,
    -1.0,
    -1.0,
    -1.0,
    -1.0,
    -1.0,
    -1.0,
    -1.0,
    -1.0,
    -1.0,
    -1.0,
    -1.0,
    -1.0,
    -1.0,
    -1.0,
    -1.0,
    -1.0,
    -1.0,
    -1.0,
    -1.0,
    -1.0,
    -1.0,
    -1.0,
    -1.0
  ],
  "theory_cov": [
    [
      6.623,
      2.245,
      0.9262,
      0.4356,
      0.2259,
      0.1266,
      0.07548,
      0.04763,
      0.03206,
      0.02366,
      0.01919,
      0.01669,
      0.0162,
      0.01907,
      0.03559,
      0.2697,
      0.3019,
      0.02134,
      0.006357,
      0.003059,
      0.00176,
      0.001109,
      0.0006716,
      0.0004023,
      0.0002406,
      0.0001355,
      7.19e-05,
      3.297e-05,
      6.594e-06,
      -1.952e-06,
      -8.148e-06,
      -1.079e-05,
      -9.327e-06,
      -6.766e-06,
      -4.241e-06,
      -2.494e-06,
      -1.343e-06,
      -7.355e-07,
      -2.054e-07,
      -2.316e-08,
      -8.646e-10
    ],
    [
      2.245,
      0.7669,
      0.3188,
      0.151,
      0.07892,
      0.04455,
      0.02677,
      0.01702,
      0.01154,
      0.008557,
      0.006964,
      0.006075,
      0.005904,
      0.006959,
      0.01303,
      0.09976,
      0.1125,
      0.008123,
      0.002477,
      0.00122,
      0.0007201,
      0.0004645,
      0.0002915,
      0.000183,
      0.0001154,
      7.036e-05,
      4.254e-05,
      2.417e-05,
      1.156e-05,
      5.737e-06,
      1.469e-06,
      -1.079e-06,
      -1.605e-06,
      -1.487e-06,
      -1.078e-06,
      -6.842e-07,
      -3.851e-07,
      -2.18e-07,
      -6.307e-08,
      -7.27e-09,
      -2.659e-10
    ],
    [
      0.9262,
      0.3188,
      0.1335,
      0.0637,
      0.03353,
      0.01906,
      0.01154,
      0.007387,
      0.005038,
      0.003754,
      0.003065,
      0.002681,
      0.002607,
      0.003076,
      0.005776,
      0.04462,
      0.05065,
      0.003727,
      0.001159,
      0.0005826,
      0.0003507,
      0.0002303,
      0.0001483,
      9.614e-05,
      6.272e-05,
      3.999e-05,
      2.574e-05,
      1.588e-05,
      9.031e-06,
      5.318e-06,
      2.573e-06,
      7.682e-07,
      7.775e-08,
      -2.249e-07,
      -2.686e-07,
      -2.022e-07,
      -1.237e-07,
      -7.396e-08,
      -2.262e-08,
      -2.692e-09,
      -9.483e-11
    ],
    [
      0.4356,
      0.151,
      0.0637,
      0.03063,
      0.01624,
      0.009298,
      0.005668,
      0.003652,
      0.002506,
      0.001875,
      0.001535,
      0.001346,
      0.00131,
      0.001547,
      0.002912,
      0.02269,
      0.02592,
      0.00194,
      0.0006143,
      0.0003141,
      0.0001923,
      0.0001281,
      8.415e-05,
      5.584e-05,
      3.73e-05,
      2.45e-05,
      1.638e-05,
      1.057e-05,
      6.499e-06,
      4.07e-06,
      2.262e-06,
      1.017e-06,
      4.395e-07,
      1.079e-07,
      -2.826e-08,
      -4.995e-08,
      -3.812e-08,
      -2.563e-08,
      -8.672e-09,
      -1.09e-09,
      -3.629e-11
    ],
    [
      0.2259,
      0.07892,
      0.03353,
      0.01624,
      0.008667,
      0.004998,
      0.003067,
      0.001989,
      0.001372,
      0.001031,
      0.0008469,
      0.0007443,
      0.0007248,
      0.0008576,
      0.00162,
      0.01274,
      0.01464,
      0.001114,
      0.0003581,
      0.0001857,
      0.0001152,
      7.763e-05,
      5.182e-05,
      3.499e-05,
      2.378e-05,
      1.595e-05,
      1.093e-05,
      7.251e-06,
      4.658e-06,
      3.011e-06,
      1.779e-06,
      9.076e-07,
      4.625e-07,
      1.81e-07,
      4.314e-08,
      8.514e-10,
      -7.845e-09,
      -7.821e-09,
      -3.318e-09,
      -4.581e-10,
      -1.373e-11
    ],
    [
      0.1266,
      0.04455,
      0.01906,
      0.009298,
      0.004998,
      0.002901,
      0.001792,
      0.001169,
      0.0008115,
      0.0006124,
      0.0005045,
      0.0004448,
      0.000434,
      0.0005153,
      0.0009786,
      0.007775,
      0.008991,
      0.0006941,
      0.0002262,
      0.0001187,
      7.447e-05,
      5.06e-05,
      3.42e-05,
      2.341e-05,
      1.611e-05,
      1.097e-05,
      7.652e-06,
      5.177e-06,
      3.423e-06,
      2.257e-06,
      1.382e-06,
      7.523e-07,
      4.107e-07,
      1.83e-07,
      6.239e-08,
      1.844e-08,
      3.734e-09,
      -5.944e-10,
      -1.022e-09,
      -1.797e-10,
      -4.165e-12
    ],
    [
      0.07548,
      0.02677,
      0.01154,
      0.005668,
      0.003067,
      0.001792,
      0.001114,
      0.0007315,
      0.0005105,
      0.0003871,
      0.0003202,
      0.0002835,
      0.0002777,
      0.0003317,
      0.0006354,
      0.005109,
      0.005944,
      0.0004648,
      0.0001531,
      8.1e-05,
      5.124e-05,
      3.501e-05,
      2.387e-05,
      1.649e-05,
      1.145e-05,
      7.878e-06,
      5.558e-06,
      3.811e-06,
      2.567e-06,
      1.713e-06,
      1.071e-06,
      6.05e-07,
      3.417e-07,
      1.611e-07,
      6.15e-08,
      2.239e-08,
      7.369e-09,
      2.036e-09,
      -8.278e-11,
      -5.89e-11,
      -2.87e-13
    ],
    [
      0.04763,
      0.01702,
      0.007387,
      0.003652,
      0.001989,
      0.001169,
      0.0007315,
      0.0004832,
      0.0003393,
      0.0002587,
      0.0002153,
      0.000192,
      0.0001896,
      0.0002292,
      0.000446,
      0.003646,
      0.004269,
      0.0003372,
      0.0001118,
      5.937e-05,
      3.772e-05,
      2.58e-05,
      1.768e-05,
      1.226e-05,
      8.558e-06,
      5.921e-06,
      4.202e-06,
      2.905e-06,
      1.979e-06,
      1.33e-06,
      8.418e-07,
      4.861e-07,
      2.796e-07,
      1.357e-07,
      5.454e-08,
      2.143e-08,
      7.913e-09,
      2.785e-09,
      2.718e-10,
      -9.257e-12,
      8.983e-13
    ],
    [
      0.03206,
      0.01154,
      0.005038,
      0.002506,
      0.001372,
      0.0008115,
      0.0005105,
      0.0003393,
      0.0002399,
      0.0001844,
      0.0001547,
      0.0001395,
      0.0001398,
      0.0001723,
      0.0003435,
      0.002866,
      0.003377,
      0.0002684,
      8.906e-05,
      4.725e-05,
      3e-05,
      2.044e-05,
      1.401e-05,
      9.709e-06,
      6.779e-06,
      4.693e-06,
      3.33e-06,
      2.312e-06,
      1.584e-06,
      1.066e-06,
      6.781e-07,
      3.97e-07,
      2.305e-07,
      1.135e-07,
      4.698e-08,
      1.924e-08,
      7.524e-09,
      2.918e-09,
      4.258e-10,
      1.754e-11,
      1.558e-12
    ],
    [
      0.02366,
      0.008557,
      0.003754,
      0.001875,
      0.001031,
      0.0006124,
      0.0003871,
      0.0002587,
      0.0001844,
      0.000143,
      0.0001215,
      0.0001113,
      0.0001138,
      0.0001443,
      0.0002969,
      0.002535,
      0.003003,
      0.0002392,
      7.905e-05,
      4.166e-05,
      2.632e-05,
      1.777e-05,
      1.213e-05,
      8.354e-06,
      5.808e-06,
      4.003e-06,
      2.824e-06,
      1.961e-06,
      1.342e-06,
      9.003e-07,
      5.721e-07,
      3.371e-07,
      1.959e-07,
      9.692e-08,
      4.061e-08,
      1.696e-08,
      6.818e-09,
      2.765e-09,
      4.643e-10,
      2.857e-11,
      1.716e-12
    ],
    [
      0.01919,
      0.006964,
      0.003065,
      0.001535,
      0.0008469,
      0.0005045,
      0.0003202,
      0.0002153,
      0.0001547,
      0.0001215,
      0.0001048,
      9.799e-05,
      0.0001028,
      0.0001347,
      0.0002869,
      0.002506,
      0.002982,
      0.0002374,
      7.788e-05,
      4.066e-05,
      2.549e-05,
      1.701e-05,
      1.154e-05,
      7.862e-06,
      5.427e-06,
      3.71e-06,
      2.591e-06,
      1.793e-06,
      1.222e-06,
      8.14e-07,
      5.142e-07,
      3.035e-07,
      1.757e-07,
      8.676e-08,
      3.653e-08,
      1.544e-08,
      6.335e-09,
      2.659e-09,
      4.93e-10,
      3.673e-11,
      1.786e-12
    ],
    [
      0.01669,
      0.006075,
      0.002681,
      0.001346,
      0.0007443,
      0.0004448,
      0.0002835,
      0.000192,
      0.0001395,
      0.0001113,
      9.799e-05,
      9.403e-05,
      0.0001018,
      0.0001387,
      0.0003066,
      0.002738,
      0.003273,
      0.0002601,
      8.466e-05,
      4.374e-05,
      2.718e-05,
      1.79e-05,
      1.204e-05,
      8.106e-06,
      5.546e-06,
      3.752e-06,
      2.586e-06,
      1.781e-06,
      1.205e-06,
      7.952e-07,
      4.978e-07,
      2.941e-07,
      1.69e-07,
      8.3e-08,
      3.502e-08,
      1.496e-08,
      6.254e-09,
      2.712e-09,
      5.472e-10,
      4.61e-11,
      1.886e-12
    ],
    [
      0.0162,
      0.005904,
      0.002607,
      0.00131,
      0.0007248,
      0.000434,
      0.0002777,
      0.0001896,
      0.0001398,
      0.0001138,
      0.0001028,
      0.0001018,
      0.0001144,
      0.0001624,
      0.0003727,
      0.003399,
      0.004077,
      0.0003231,
      0.0001042,
      5.323e-05,
      3.276e-05,
      2.126e-05,
      1.415e-05,
      9.394e-06,
      6.354e-06,
      4.241e-06,
      2.873e-06,
      1.962e-06,
      1.313e-06,
      8.545e-07,
      5.269e-07,
      3.1e-07,
      1.757e-07,
      8.51e-08,
      3.565e-08,
      1.527e-08,
      6.48e-09,
      2.893e-09,
      6.302e-10,
      5.86e-11,
      2.067e-12
    ],
    [
      0.01907,
      0.006959,
      0.003076,
      0.001547,
      0.0008576,
      0.0005153,
      0.0003317,
      0.0002292,
      0.0001723,
      0.0001443,
      0.0001347,
      0.0001387,
      0.0001624,
      0.0002407,
      0.0005727,
      0.005325,
      0.006409,
      0.0005072,
      0.0001625,
      8.225e-05,
      5.02e-05,
      3.216e-05,
      2.124e-05,
      1.392e-05,
      9.317e-06,
      6.145e-06,
      4.097e-06,
      2.78e-06,
      1.844e-06,
      1.185e-06,
      7.212e-07,
      4.25e-07,
      2.387e-07,
      1.148e-07,
      4.835e-08,
      2.112e-08,
      9.241e-09,
      4.313e-09,
      1.024e-09,
      1.034e-10,
      3.329e-12
    ],
    [
      0.03559,
      0.01303,
      0.005776,
      0.002912,
      0.00162,
      0.0009786,
      0.0006354,
      0.000446,
      0.0003435,
      0.0002969,
      0.0002869,
      0.0003066,
      0.0003727,
      0.0005727,
      0.001402,
      0.01324,
      0.01599,
      0.001266,
      0.0004043,
      0.0002036,
      0.0001237,
      7.863e-05,
      5.169e-05,
      3.362e-05,
      2.239e-05,
      1.467e-05,
      9.684e-06,
      6.562e-06,
      4.337e-06,
      2.774e-06,
      1.681e-06,
      9.999e-07,
      5.626e-07,
      2.726e-07,
      1.175e-07,
      5.309e-08,
      2.411e-08,
      1.173e-08,
      2.952e-09,
      3.1e-10,
      9.607e-12
    ],
    [
      0.2697,
      0.09976,
      0.04462,
      0.02269,
      0.01274,
      0.007775,
      0.005109,
      0.003646,
      0.002866,
      0.002535,
      0.002506,
      0.002738,
      0.003399,
      0.005325,
      0.01324,
      0.1264,
      0.153,
      0.01217,
      0.003897,
      0.001966,
      0.001197,
      0.0007613,
      0.000502,
      0.0003276,
      0.000219,
      0.0001442,
      9.576e-05,
      6.545e-05,
      4.371e-05,
      2.828e-05,
      1.739e-05,
      1.057e-05,
      6.085e-06,
      3.041e-06,
      1.364e-06,
      6.384e-07,
      2.972e-07,
      1.468e-07,
      3.705e-08,
      3.84e-09,
      1.257e-10
    ],
    [
      0.3019,
      0.1125,
      0.05065,
      0.02592,
      0.01464,
      0.008991,
      0.005944,
      0.004269,
      0.003377,
      0.003003,
      0.002982,
      0.003273,
      0.004077,
      0.006409,
      0.01599,
      0.153,
      0.1856,
      0.01481,
      0.004755,
      0.002406,
      0.001468,
      0.0009362,
      0.0006195,
      0.0004059,
      0.0002725,
      0.0001804,
      0.0001206,
      8.291e-05,
      5.58e-05,
      3.641e-05,
      2.263e-05,
      1.39e-05,
      8.104e-06,
      4.113e-06,
      1.876e-06,
      8.883e-07,
      4.159e-07,
      2.056e-07,
      5.146e-08,
      5.26e-09,
      1.776e-10
    ],
    [
      0.02134,
      0.008123,
      0.003727,
      0.00194,
      0.001114,
      0.0006941,
      0.0004648,
      0.0003372,
      0.0002684,
      0.0002392,
      0.0002374,
      0.0002601,
      0.0003231,
      0.0005072,
      0.001266,
      0.01217,
      0.01481,
      0.001191,
      0.0003858,
      0.0001969,
      0.0001211,
      7.797e-05,
      5.212e-05,
      3.46e-05,
      2.35e-05,
      1.579e-05,
      1.075e-05,
      7.502e-06,
      5.144e-06,
      3.426e-06,
      2.181e-06,
      1.368e-06,
      8.19e-07,
      4.284e-07,
      2.01e-07,
      9.692e-08,
      4.569e-08,
      2.253e-08,
      5.528e-09,
      5.498e-10,
      1.989e-11
    ],
    [
      0.006357,
      0.002477,
      0.001159,
      0.0006143,
      0.0003581,
      0.0002262,
      0.0001531,
      0.0001118,
      8.906e-05,
      7.905e-05,
      7.788e-05,
      8.466e-05,
      0.0001042,
      0.0001625,
      0.0004043,
      0.003897,
      0.004755,
      0.0003858,
      0.0001261,
      6.498e-05,
      4.032e-05,
      2.621e-05,
      1.771e-05,
      1.191e-05,
      8.184e-06,
      5.579e-06,
      3.86e-06,
      2.729e-06,
      1.901e-06,
      1.287e-06,
      8.351e-07,
      5.312e-07,
      3.239e-07,
      1.728e-07,
      8.246e-08,
      4.012e-08,
      1.895e-08,
      9.308e-09,
      2.246e-09,
      2.174e-10,
      8.103e-12
    ],
    [
      0.003059,
      0.00122,
      0.0005826,
      0.0003141,
      0.0001857,
      0.0001187,
      8.1e-05,
      5.937e-05,
      4.725e-05,
      4.166e-05,
      4.066e-05,
      4.374e-05,
      5.323e-05,
      8.225e-05,
      0.0002036,
      0.001966,
      0.002406,
      0.0001969,
      6.498e-05,
      3.381e-05,
      2.116e-05,
      1.389e-05,
      9.478e-06,
      6.453e-06,
      4.482e-06,
      3.094e-06,
      2.172e-06,
      1.552e-06,
      1.095e-06,
      7.51e-07,
      4.944e-07,
      3.178e-07,
      1.964e-07,
      1.062e-07,
      5.127e-08,
      2.51e-08,
      1.188e-08,
      5.819e-09,
      1.39e-09,
      1.326e-10,
      5.113e-12
    ],
    [
      0.00176,
      0.0007201,
      0.0003507,
      0.0001923,
      0.0001152,
      7.447e-05,
      5.124e-05,
      3.772e-05,
      3e-05,
      2.632e-05,
      2.549e-05,
      2.718e-05,
      3.276e-05,
      5.02e-05,
      0.0001237,
      0.001197,
      0.001468,
      0.0001211,
      4.032e-05,
      2.116e-05,
      1.335e-05,
      8.84e-06,
      6.081e-06,
      4.182e-06,
      2.931e-06,
      2.044e-06,
      1.451e-06,
      1.045e-06,
      7.444e-07,
      5.155e-07,
      3.428e-07,
      2.22e-07,
      1.384e-07,
      7.549e-08,
      3.666e-08,
      1.799e-08,
      8.502e-09,
      4.15e-09,
      9.806e-10,
      9.221e-11,
      3.612e-12
    ],
    [
      0.001109,
      0.0004645,
      0.0002303,
      0.0001281,
      7.763e-05,
      5.06e-05,
      3.501e-05,
      2.58e-05,
      2.044e-05,
      1.777e-05,
      1.701e-05,
      1.79e-05,
      2.126e-05,
      3.216e-05,
      7.863e-05,
      0.0007613,
      0.0009362,
      7.797e-05,
      2.621e-05,
      1.389e-05,
      8.84e-06,
      5.911e-06,
      4.103e-06,
      2.853e-06,
      2.017e-06,
      1.421e-06,
      1.021e-06,
      7.411e-07,
      5.325e-07,
      3.72e-07,
      2.498e-07,
      1.627e-07,
      1.022e-07,
      5.621e-08,
      2.746e-08,
      1.351e-08,
      6.384e-09,
      3.109e-09,
      7.285e-10,
      6.736e-11,
      2.637e-12
    ],
    [
      0.0006716,
      0.0002915,
      0.0001483,
      8.415e-05,
      5.182e-05,
      3.42e-05,
      2.387e-05,
      1.768e-05,
      1.401e-05,
      1.213e-05,
      1.154e-05,
      1.204e-05,
      1.415e-05,
      2.124e-05,
      5.169e-05,
      0.000502,
      0.0006195,
      5.212e-05,
      1.771e-05,
      9.478e-06,
      6.081e-06,
      4.103e-06,
      2.874e-06,
      2.019e-06,
      1.44e-06,
      1.024e-06,
      7.433e-07,
      5.438e-07,
      3.941e-07,
      2.777e-07,
      1.881e-07,
      1.234e-07,
      7.817e-08,
      4.333e-08,
      2.132e-08,
      1.054e-08,
      4.997e-09,
      2.436e-09,
      5.701e-10,
      5.267e-11,
      2.122e-12
    ],
    [
      0.0004023,
      0.000183,
      9.614e-05,
      5.584e-05,
      3.499e-05,
      2.341e-05,
      1.649e-05,
      1.226e-05,
      9.709e-06,
      8.354e-06,
      7.862e-06,
      8.106e-06,
      9.394e-06,
      1.392e-05,
      3.362e-05,
      0.0003276,
      0.0004059,
      3.46e-05,
      1.191e-05,
      6.453e-06,
      4.182e-06,
      2.853e-06,
      2.019e-06,
      1.435e-06,
      1.033e-06,
      7.43e-07,
      5.453e-07,
      4.021e-07,
      2.939e-07,
      2.089e-07,
      1.428e-07,
      9.424e-08,
      6.015e-08,
      3.359e-08,
      1.663e-08,
      8.257e-09,
      3.92e-09,
      1.911e-09,
      4.46e-10,
      4.102e-11,
      1.677e-12
    ],
    [
      0.0002406,
      0.0001154,
      6.272e-05,
      3.73e-05,
      2.378e-05,
      1.611e-05,
      1.145e-05,
      8.558e-06,
      6.779e-06,
      5.808e-06,
      5.427e-06,
      5.546e-06,
      6.354e-06,
      9.317e-06,
      2.239e-05,
      0.000219,
      0.0002725,
      2.35e-05,
      8.184e-06,
      4.482e-06,
      2.931e-06,
      2.017e-06,
      1.44e-06,
      1.033e-06,
      7.497e-07,
      5.436e-07,
      4.024e-07,
      2.986e-07,
      2.197e-07,
      1.572e-07,
      1.081e-07,
      7.175e-08,
      4.605e-08,
      2.587e-08,
      1.287e-08,
      6.412e-09,
      3.049e-09,
      1.487e-09,
      3.462e-10,
      3.152e-11,
      1.279e-12
    ],
    [
      0.0001355,
      7.036e-05,
      3.999e-05,
      2.45e-05,
      1.595e-05,
      1.097e-05,
      7.878e-06,
      5.921e-06,
      4.693e-06,
      4.003e-06,
      3.71e-06,
      3.752e-06,
      4.241e-06,
      6.145e-06,
      1.467e-05,
      0.0001442,
      0.0001804,
      1.579e-05,
      5.579e-06,
      3.094e-06,
      2.044e-06,
      1.421e-06,
      1.024e-06,
      7.43e-07,
      5.436e-07,
      3.978e-07,
      2.973e-07,
      2.22e-07,
      1.646e-07,
      1.185e-07,
      8.213e-08,
      5.478e-08,
      3.537e-08,
      1.999e-08,
      1e-08,
      4.999e-09,
      2.382e-09,
      1.163e-09,
      2.702e-10,
      2.447e-11,
      9.971e-13
    ],
    [
      7.19e-05,
      4.254e-05,
      2.574e-05,
      1.638e-05,
      1.093e-05,
      7.652e-06,
      5.558e-06,
      4.202e-06,
      3.33e-06,
      2.824e-06,
      2.591e-06,
      2.586e-06,
      2.873e-06,
      4.097e-06,
      9.684e-06,
      9.576e-05,
      0.0001206,
      1.075e-05,
      3.86e-06,
      2.172e-06,
      1.451e-06,
      1.021e-06,
      7.433e-07,
      5.453e-07,
      4.024e-07,
      2.973e-07,
      2.242e-07,
      1.685e-07,
      1.258e-07,
      9.116e-08,
      6.357e-08,
      4.261e-08,
      2.766e-08,
      1.571e-08,
      7.899e-09,
      3.96e-09,
      1.889e-09,
      9.228e-10,
      2.14e-10,
      1.924e-11,
      7.847e-13
    ],
    [
      3.297e-05,
      2.417e-05,
      1.588e-05,
      1.057e-05,
      7.251e-06,
      5.177e-06,
      3.811e-06,
      2.905e-06,
      2.312e-06,
      1.961e-06,
      1.793e-06,
      1.781e-06,
      1.962e-06,
      2.78e-06,
      6.562e-06,
      6.545e-05,
      8.291e-05,
      7.502e-06,
      2.729e-06,
      1.552e-06,
      1.045e-06,
      7.411e-07,
      5.438e-07,
      4.021e-07,
      2.986e-07,
      2.22e-07,
      1.685e-07,
      1.274e-07,
      9.554e-08,
      6.962e-08,
      4.881e-08,
      3.288e-08,
      2.145e-08,
      1.225e-08,
      6.189e-09,
      3.117e-09,
      1.492e-09,
      7.304e-10,
      1.698e-10,
      1.528e-11,
      6.271e-13
    ],
    [
      6.594e-06,
      1.156e-05,
      9.031e-06,
      6.499e-06,
      4.658e-06,
      3.423e-06,
      2.567e-06,
      1.979e-06,
      1.584e-06,
      1.342e-06,
      1.222e-06,
      1.205e-06,
      1.313e-06,
      1.844e-06,
      4.337e-06,
      4.371e-05,
      5.58e-05,
      5.144e-06,
      1.901e-06,
      1.095e-06,
      7.444e-07,
      5.325e-07,
      3.941e-07,
      2.939e-07,
      2.197e-07,
      1.646e-07,
      1.258e-07,
      9.554e-08,
      7.21e-08,
      5.28e-08,
      3.722e-08,
      2.518e-08,
      1.651e-08,
      9.479e-09,
      4.818e-09,
      2.438e-09,
      1.171e-09,
      5.754e-10,
      1.342e-10,
      1.206e-11,
      4.904e-13
    ],
    [
      -1.952e-06,
      5.737e-06,
      5.318e-06,
      4.07e-06,
      3.011e-06,
      2.257e-06,
      1.713e-06,
      1.33e-06,
      1.066e-06,
      9.003e-07,
      8.14e-07,
      7.952e-07,
      8.545e-07,
      1.185e-06,
      2.774e-06,
      2.828e-05,
      3.641e-05,
      3.426e-06,
      1.287e-06,
      7.51e-07,
      5.155e-07,
      3.72e-07,
      2.777e-07,
      2.089e-07,
      1.572e-07,
      1.185e-07,
      9.116e-08,
      6.962e-08,
      5.28e-08,
      3.888e-08,
      2.754e-08,
      1.873e-08,
      1.234e-08,
      7.124e-09,
      3.642e-09,
      1.853e-09,
      8.942e-10,
      4.411e-10,
      1.034e-10,
      9.358e-12,
      3.852e-13
    ],
    [
      -8.148e-06,
      1.469e-06,
      2.573e-06,
      2.262e-06,
      1.779e-06,
      1.382e-06,
      1.071e-06,
      8.418e-07,
      6.781e-07,
      5.721e-07,
      5.142e-07,
      4.978e-07,
      5.269e-07,
      7.212e-07,
      1.681e-06,
      1.739e-05,
      2.263e-05,
      2.181e-06,
      8.351e-07,
      4.944e-07,
      3.428e-07,
      2.498e-07,
      1.881e-07,
      1.428e-07,
      1.081e-07,
      8.213e-08,
      6.357e-08,
      4.881e-08,
      3.722e-08,
      2.754e-08,
      1.962e-08,
      1.34e-08,
      8.876e-09,
      5.152e-09,
      2.65e-09,
      1.355e-09,
      6.567e-10,
      3.252e-10,
      7.655e-11,
      6.912e-12,
      2.822e-13
    ],
    [
      -1.079e-05,
      -1.079e-06,
      7.682e-07,
      1.017e-06,
      9.076e-07,
      7.523e-07,
      6.05e-07,
      4.861e-07,
      3.97e-07,
      3.371e-07,
      3.035e-07,
      2.941e-07,
      3.1e-07,
      4.25e-07,
      9.999e-07,
      1.057e-05,
      1.39e-05,
      1.368e-06,
      5.312e-07,
      3.178e-07,
      2.22e-07,
      1.627e-07,
      1.234e-07,
      9.424e-08,
      7.175e-08,
      5.478e-08,
      4.261e-08,
      3.288e-08,
      2.518e-08,
      1.873e-08,
      1.34e-08,
      9.204e-09,
      6.127e-09,
      3.577e-09,
      1.853e-09,
      9.535e-10,
      4.647e-10,
      2.313e-10,
      5.485e-11,
      4.984e-12,
      2.035e-13
    ],
    [
      -9.327e-06,
      -1.605e-06,
      7.775e-08,
      4.395e-07,
      4.625e-07,
      4.107e-07,
      3.417e-07,
      2.796e-07,
      2.305e-07,
      1.959e-07,
      1.757e-07,
      1.69e-07,
      1.757e-07,
      2.387e-07,
      5.626e-07,
      6.085e-06,
      8.104e-06,
      8.19e-07,
      3.239e-07,
      1.964e-07,
      1.384e-07,
      1.022e-07,
      7.817e-08,
      6.015e-08,
      4.605e-08,
      3.537e-08,
      2.766e-08,
      2.145e-08,
      1.651e-08,
      1.234e-08,
      8.876e-09,
      6.127e-09,
      4.104e-09,
      2.411e-09,
      1.259e-09,
      6.532e-10,
      3.206e-10,
      1.608e-10,
      3.852e-11,
      3.546e-12,
      1.464e-13
    ],
    [
      -6.766e-06,
      -1.487e-06,
      -2.249e-07,
      1.079e-07,
      1.81e-07,
      1.83e-07,
      1.611e-07,
      1.357e-07,
      1.135e-07,
      9.692e-08,
      8.676e-08,
      8.3e-08,
      8.51e-08,
      1.148e-07,
      2.726e-07,
      3.041e-06,
      4.113e-06,
      4.284e-07,
      1.728e-07,
      1.062e-07,
      7.549e-08,
      5.621e-08,
      4.333e-08,
      3.359e-08,
      2.587e-08,
      1.999e-08,
      1.571e-08,
      1.225e-08,
      9.479e-09,
      7.124e-09,
      5.152e-09,
      3.577e-09,
      2.411e-09,
      1.427e-09,
      7.52e-10,
      3.936e-10,
      1.948e-10,
      9.846e-11,
      2.386e-11,
      2.217e-12,
      9.119e-14
    ],
    [
      -4.241e-06,
      -1.078e-06,
      -2.686e-07,
      -2.826e-08,
      4.314e-08,
      6.239e-08,
      6.15e-08,
      5.454e-08,
      4.698e-08,
      4.061e-08,
      3.653e-08,
      3.502e-08,
      3.565e-08,
      4.835e-08,
      1.175e-07,
      1.364e-06,
      1.876e-06,
      2.01e-07,
      8.246e-08,
      5.127e-08,
      3.666e-08,
      2.746e-08,
      2.132e-08,
      1.663e-08,
      1.287e-08,
      1e-08,
      7.899e-09,
      6.189e-09,
      4.818e-09,
      3.642e-09,
      2.65e-09,
      1.853e-09,
      1.259e-09,
      7.52e-10,
      4.013e-10,
      2.127e-10,
      1.065e-10,
      5.447e-11,
      1.343e-11,
      1.274e-12,
      5.278e-14
    ],
    [
      -2.494e-06,
      -6.842e-07,
      -2.022e-07,
      -4.995e-08,
      8.514e-10,
      1.844e-08,
      2.239e-08,
      2.143e-08,
      1.924e-08,
      1.696e-08,
      1.544e-08,
      1.496e-08,
      1.527e-08,
      2.112e-08,
      5.309e-08,
      6.384e-07,
      8.883e-07,
      9.692e-08,
      4.012e-08,
      2.51e-08,
      1.799e-08,
      1.351e-08,
      1.054e-08,
      8.257e-09,
      6.412e-09,
      4.999e-09,
      3.96e-09,
      3.117e-09,
      2.438e-09,
      1.853e-09,
      1.355e-09,
      9.535e-10,
      6.532e-10,
      3.936e-10,
      2.127e-10,
      1.143e-10,
      5.789e-11,
      2.998e-11,
      7.533e-12,
      7.317e-13,
      3.07e-14
    ],
    [
      -1.343e-06,
      -3.851e-07,
      -1.237e-07,
      -3.812e-08,
      -7.845e-09,
      3.734e-09,
      7.369e-09,
      7.913e-09,
      7.524e-09,
      6.818e-09,
      6.335e-09,
      6.254e-09,
      6.48e-09,
      9.241e-09,
      2.411e-08,
      2.972e-07,
      4.159e-07,
      4.569e-08,
      1.895e-08,
      1.188e-08,
      8.502e-09,
      6.384e-09,
      4.997e-09,
      3.92e-09,
      3.049e-09,
      2.382e-09,
      1.889e-09,
      1.492e-09,
      1.171e-09,
      8.942e-10,
      6.567e-10,
      4.647e-10,
      3.206e-10,
      1.948e-10,
      1.065e-10,
      5.789e-11,
      2.966e-11,
      1.554e-11,
      3.978e-12,
      3.964e-13,
      1.691e-14
    ],
    [
      -7.355e-07,
      -2.18e-07,
      -7.396e-08,
      -2.563e-08,
      -7.821e-09,
      -5.944e-10,
      2.036e-09,
      2.785e-09,
      2.918e-09,
      2.765e-09,
      2.659e-09,
      2.712e-09,
      2.893e-09,
      4.313e-09,
      1.173e-08,
      1.468e-07,
      2.056e-07,
      2.253e-08,
      9.308e-09,
      5.819e-09,
      4.15e-09,
      3.109e-09,
      2.436e-09,
      1.911e-09,
      1.487e-09,
      1.163e-09,
      9.228e-10,
      7.304e-10,
      5.754e-10,
      4.411e-10,
      3.252e-10,
      2.313e-10,
      1.608e-10,
      9.846e-11,
      5.447e-11,
      2.998e-11,
      1.554e-11,
      8.247e-12,
      2.153e-12,
      2.213e-13,
      9.678e-15
    ],
    [
      -2.054e-07,
      -6.307e-08,
      -2.262e-08,
      -8.672e-09,
      -3.318e-09,
      -1.022e-09,
      -8.278e-11,
      2.718e-10,
      4.258e-10,
      4.643e-10,
      4.93e-10,
      5.472e-10,
      6.302e-10,
      1.024e-09,
      2.952e-09,
      3.705e-08,
      5.146e-08,
      5.528e-09,
      2.246e-09,
      1.39e-09,
      9.806e-10,
      7.285e-10,
      5.701e-10,
      4.46e-10,
      3.462e-10,
      2.702e-10,
      2.14e-10,
      1.698e-10,
      1.342e-10,
      1.034e-10,
      7.655e-11,
      5.485e-11,
      3.852e-11,
      2.386e-11,
      1.343e-11,
      7.533e-12,
      3.978e-12,
      2.153e-12,
      5.826e-13,
      6.426e-14,
      3.024e-15
    ],
    [
      -2.316e-08,
      -7.27e-09,
      -2.692e-09,
      -1.09e-09,
      -4.581e-10,
      -1.797e-10,
      -5.89e-11,
      -9.257e-12,
      1.754e-11,
      2.857e-11,
      3.673e-11,
      4.61e-11,
      5.86e-11,
      1.034e-10,
      3.1e-10,
      3.84e-09,
      5.26e-09,
      5.498e-10,
      2.174e-10,
      1.326e-10,
      9.221e-11,
      6.736e-11,
      5.267e-11,
      4.102e-11,
      3.152e-11,
      2.447e-11,
      1.924e-11,
      1.528e-11,
      1.206e-11,
      9.358e-12,
      6.912e-12,
      4.984e-12,
      3.546e-12,
      2.217e-12,
      1.274e-12,
      7.317e-13,
      3.964e-13,
      2.213e-13,
      6.426e-14,
      8.534e-15,
      5.034e-16
    ],
    [
      -8.646e-10,
      -2.659e-10,
      -9.483e-11,
      -3.629e-11,
      -1.373e-11,
      -4.165e-12,
      -2.87e-13,
      8.983e-13,
      1.558e-12,
      1.716e-12,
      1.786e-12,
      1.886e-12,
      2.067e-12,
      3.329e-12,
      9.607e-12,
      1.257e-10,
      1.776e-10,
      1.989e-11,
      8.103e-12,
      5.113e-12,
      3.612e-12,
      2.637e-12,
      2.122e-12,
      1.677e-12,
      1.279e-12,
      9.971e-13,
      7.847e-13,
      6.271e-13,
      4.904e-13,
      3.852e-13,
      2.822e-13,
      2.035e-13,
      1.464e-13,
      9.119e-14,
      5.278e-14,
      3.07e-14,
      1.691e-14,
      9.678e-15,
      3.024e-15,
      5.034e-16,
      3.824e-17
    ]
  ],
  "LO": {
    "O3pl1": [
      0.0,
      0.0,
      0.0,
      0.0,
      0.0,
      0.0,
      0.0,
      0.0,
      0.0,
      0.0,
      0.0,
      0.0,
      0.0,
      0.0,
      0.0,
      0.0,
      0.0,
      0.0,
      0.0,
      0.0,
      0.0,
      0.0,
      -0.024294180398516826,
      -0.017350962233705414,
      -0.012462947510773188,
      -0.008995940164484304,
      -0.006516971009884326,
      -0.004733501309733673,
      -0.0033619845026730396,
      -0.00234142604259629,
      -0.0015820140828702825,
      -0.0010215814960907695,
      -0.0006316045078566767,
      -0.0003432395850487479,
      -0.00016354337517792585,
      -7.8951503452995e-05,
      -3.997962968861786e-05,
      -1.926134047348e-05,
      -4.18289901453125e-06,
      -3.278621531538e-07,
      -3.2911660214199996e-08
    ],
    "O3pl1*O3pl2": [
      0.0,
      0.0,
      0.0,
      0.0,
      0.0,
      0.0,
      0.0,
      0.0,
      0.0,
      0.0,
      0.0,
      0.0,
      0.0,
      0.0,
      0.0,
      0.0,
      0.0,
      0.0,
      0.0,
      0.0,
      0.0,
      0.0,
      0.00019360213611713335,
      0.00021204640408911427,
      0.0002016166561072125,
      0.0001771180156115889,
      0.00014800076354747,
      0.00011957386234267274,
      9.255058303427857e-05,
      6.909971615980667e-05,
      4.940876316349e-05,
      3.3476183278473916e-05,
      2.1525690981416668e-05,
      1.212553040634468e-05,
      5.959863072135e-06,
      2.9402892822983334e-06,
      1.5107267220628572e-06,
      7.363388256022223e-07,
      1.6215911526250002e-07,
      1.2944542084170457e-08,
      1.317822834894807e-09
    ],
    "O3pl1*O3pq": [
      0.0,
      0.0,
      0.0,
      0.0,
      0.0,
      0.0,
      0.0,
      0.0,
      0.0,
      0.0,
      0.0,
      0.0,
      0.0,
      0.0,
      0.0,
      0.0,
      0.0,
      0.0,
      0.0,
      0.0,
      0.0,
      0.0,
      -0.00116649870841715,
      -0.0007493504500793358,
      -0.0004837222757669312,
      -0.0003149576254687778,
      -0.00020719710824363002,
      -0.00013779327454073182,
      -8.992247567205358e-05,
      -5.7811710730416665e-05,
      -3.624542703832e-05,
      -2.1775319379486956e-05,
      -1.2595379489178334e-05,
      -6.389629316971276e-06,
      -2.8446773732015308e-06,
      -1.30128897456108e-06,
      -6.328672961422297e-07,
      -2.942035781650908e-07,
      -6.079969098372151e-08,
      -4.389234306158789e-09,
      -4.0445550275509603e-10
    ],
    "O3pl1*Oed": [
      0.0,
      0.0,
      0.0,
      0.0,
      0.0,
      0.0,
      0.0,
      0.0,
      0.0,
      0.0,
      0.0,
      0.0,
      0.0,
      0.0,
      0.0,
      0.0,
      0.0,
      0.0,
      0.0,
      0.0,
      0.0,
      0.0,
      -0.00041439628970446667,
      -0.0003525042680907857,
      -0.0002986565125913,
      -0.0002522604744525778,
      -0.00021256419483122003,
      -0.0001787908279004091,
      -0.0001481228510732643,
      -0.00012118109917338,
      -9.7221784806045e-05,
      -7.593033007920869e-05,
      -5.770631730298667e-05,
      -4.0564988792138296e-05,
      -2.6366623083811666e-05,
      -1.7228257867988334e-05,
      -1.1498917595262857e-05,
      -7.3977077510822225e-06,
      -2.70415544624625e-06,
      -5.101936391536e-07,
      -9.8055847727e-08
    ],
    "O3pl1*Oeu": [
      0.0,
      0.0,
      0.0,
      0.0,
      0.0,
      0.0,
      0.0,
      0.0,
      0.0,
      0.0,
      0.0,
      0.0,
      0.0,
      0.0,
      0.0,
      0.0,
      0.0,
      0.0,
      0.0,
      0.0,
      0.0,
      0.0,
      0.0009431295383395833,
      0.0008090764872865572,
      0.000691928139524225,
      0.0005903897695639556,
      0.0005028737092946901,
      0.0004277777305213545,
      0.00035889695741994995,
      0.0002976887514897933,
      0.00024250586549173499,
      0.00019270187657155214,
      0.00014927963914370334,
      0.00010749699410372341,
      7.190652431034e-05,
      4.827950097476833e-05,
      3.3010021346420004e-05,
      2.1760256289624446e-05,
      8.31812911204075e-06,
      1.6980735342369998e-06,
      3.59042165141e-07
    ],
    "O3pl1*Old": [
      0.0,
      0.0,
      0.0,
      0.0,
      0.0,
      0.0,
      0.0,
      0.0,
      0.0,
      0.0,
      0.0,
      0.0,
      0.0,
      0.0,
      0.0,
      0.0,
      0.0,
      0.0,
      0.0,
      0.0,
      0.0,
      0.0,
      -0.00023509225559205003,
      -0.00021013050304106428,
      -0.00018543705370634373,
      -0.00016191331715366113,
      -0.000140152780366065,
      -0.00012048092244935456,
      -0.00010171486323575,
      -8.456019993094667e-05,
      -6.87794232085025e-05,
      -5.436550190201087e-05,
      -4.173618738100167e-05,
      -2.9615904387222338e-05,
      -1.9405237456001664e-05,
      -1.2748774154501667e-05,
      -8.539275731905e-06,
      -5.5084280016916675e-06,
      -2.0197970900845e-06,
      -3.820385684626e-07,
      -7.34858057956e-08
    ],
    "O3pl1*Oll": [
      0.0,
      0.0,
      0.0,
      0.0,
      0.0,
      0.0,
      0.0,
      0.0,
      0.0,
      0.0,
      0.0,
      0.0,
      0.0,
      0.0,
      0.0,
      0.0,
      0.0,
      0.0,
      0.0,
      0.0,
      0.0,
      0.0,
      -0.0014728242069978166,
      -0.0010518946183746072,
      -0.0007555608167596626,
      -0.0005453749919369665,
      -0.00039508856132109,
      -0.0002869664750352,
      -0.000203818863346,
      -0.00014194794382285,
      -9.59089168480425e-05,
      -6.193293721794566e-05,
      -3.829075076516e-05,
      -2.080875175520851e-05,
      -9.914746566141668e-06,
      -4.786400563581667e-06,
      -2.4237478040535714e-06,
      -1.1677104575338889e-06,
      -2.53586424756875e-07,
      -1.9876501606585228e-08,
      -1.9952552035518946e-09
    ],
    "O3pl1*Olq1": [
      0.0,
      0.0,
      0.0,
      0.0,
      0.0,
      0.0,
      0.0,
      0.0,
      0.0,
      0.0,
      0.0,
      0.0,
      0.0,
      0.0,
      0.0,
      0.0,
      0.0,
      0.0,
      0.0,
      0.0,
      0.0,
      0.0,
      0.0003103253075388,
      0.0002809752107575214,
      0.0002517003693902875,
      0.00022347150172253333,
      0.00019696177728245498,
      0.00017257882714047273,
      0.00014884896302058215,
      0.00012666828791203,
      0.0001057260270828325,
      8.603653967173696e-05,
      6.819336982616834e-05,
      5.035670312315426e-05,
      3.4576396548389166e-05,
      2.373003120001667e-05,
      1.6513868972234287e-05,
      1.1066830635477779e-05,
      4.347423400002375e-06,
      9.251278700119e-07,
      2.041344706167e-07
    ],
    "O3pl1*Olq3": [
      0.0,
      0.0,
      0.0,
      0.0,
      0.0,
      0.0,
      0.0,
      0.0,
      0.0,
      0.0,
      0.0,
      0.0,
      0.0,
      0.0,
      0.0,
      0.0,
      0.0,
      0.0,
      0.0,
      0.0,
      0.0,
      0.0,
      -0.000930597792979725,
      -0.0008204114580412214,
      -0.0007173455041758875,
      -0.0006229242905412722,
      -0.0005378801032470701,
      -0.0004623497616141682,
      -0.00039112468030945717,
      -0.00032644256879045335,
      -0.0002670929055136375,
      -0.00021281852812943478,
      -0.000165033617888005,
      -0.0001187535827371117,
      -7.921394872790584e-05,
      -5.297718509835416e-05,
      -3.6069829795232855e-05,
      -2.3665121508063886e-05,
      -8.959875997217625e-06,
      -1.7964784007804999e-06,
      -3.7167281092e-07
    ],
    "O3pl1*Olu": [
      0.0,
      0.0,
      0.0,
      0.0,
      0.0,
      0.0,
      0.0,
      0.0,
      0.0,
      0.0,
      0.0,
      0.0,
      0.0,
      0.0,
      0.0,
      0.0,
      0.0,
      0.0,
      0.0,
      0.0,
      0.0,
      0.0,
      0.0005350686063931,
      0.0004823129356584929,
      0.0004296338968294125,
      0.00037895137892416113,
      0.00033157380212601,
      0.0002882699725452182,
      0.000246457037756525,
      0.00020773063077993666,
      0.0001715637236882375,
      0.0001379751653537826,
      0.00010796853823174168,
      7.848368182320746e-05,
      5.292247315893e-05,
      3.5726745555821666e-05,
      2.451390257069143e-05,
      1.6203046440699445e-05,
      6.2131504801418755e-06,
      1.2715461290672e-06,
      2.6907715895670004e-07
    ],
    "O3pl1*OpWB": [
      0.0,
      0.0,
      0.0,
      0.0,
      0.0,
      0.0,
      0.0,
      0.0,
      0.0,
      0.0,
      0.0,
      0.0,
      0.0,
      0.0,
      0.0,
      0.0,
      0.0,
      0.0,
      0.0,
      0.0,
      0.0,
      0.0,
      0.002170401294777358,
      0.0017023717241770786,
      0.001327660995842125,
      0.0010271392261739832,
      0.000787826716765605,
      0.0005994714587164091,
      0.00044320945723696066,
      0.0003194120759915767,
      0.0002221752865858075,
      0.00014717434304496087,
      9.296343136214334e-05,
      5.154510364173298e-05,
      2.5000096635891666e-05,
      1.2222291098540833e-05,
      6.242393154688572e-06,
      3.0282756820077774e-06,
      6.631730274683751e-07,
      5.25591904598e-08,
      5.321714611699471e-09
    ],
    "O3pl1*Ope": [
      0.0,
      0.0,
      0.0,
      0.0,
      0.0,
      0.0,
      0.0,
      0.0,
      0.0,
      0.0,
      0.0,
      0.0,
      0.0,
      0.0,
      0.0,
      0.0,
      0.0,
      0.0,
      0.0,
      0.0,
      0.0,
      0.0,
      0.0006831401438266083,
      0.0004206391712586714,
      0.00026008498517108127,
      0.00016231413371126113,
      0.00010252644726976,
      6.563490719397274e-05,
      4.12634588751e-05,
      2.55948470022e-05,
      1.5516869458752498e-05,
      9.027886702986957e-06,
      5.075053452728333e-06,
      2.505163170359574e-06,
      1.0894720702591667e-06,
      4.911267609225e-07,
      2.3703547898357142e-07,
      1.0978164251222222e-07,
      2.2719577086125e-08,
      1.6723629740977376e-09,
      1.6021668918567699e-10
    ],
    "O3pl1*Opl1": [
      0.0,
      0.0,
      0.0,
      0.0,
      0.0,
      0.0,
      0.0,
      0.0,
      0.0,
      0.0,
      0.0,
      0.0,
      0.0,
      0.0,
      0.0,
      0.0,
      0.0,
      0.0,
      0.0,
      0.0,
      0.0,
      0.0,
      0.0006831401438266083,
      0.0004206391712586714,
      0.00026008498517108127,
      0.00016231413371126113,
      0.00010252644726976,
      6.563490719397274e-05,
      4.12634588751e-05,
      2.55948470022e-05,
