{
  "best_sm": [
    2.495266944235,
    41488.16350728358,
    20.756060355836,
    20.756060355836,
    20.756060355836,
    0.149225065947,
    0.149225065947,
    0.149225065947,
    0.215862791072,
    0.17222884431,
    0.934915917189,
    0.668759849564,
    0.00780832
  ],
  "scales": [
    91.1876,
    91.1876,
    91.1876,
    91.1876,
    91.1876,
    91.1876,
    91.1876,
    91.1876,
    91.1876,
    91.1876,
    91.1876,
    91.1876,
    91.1876
  ],
  "theory_cov_current": [
    [
      2.1590662586661324e-07,
      -2.701929026886035e-05,
      3.5201415929716084e-08,
      3.5201415929716084e-08,
      3.5201415929716084e-08,
      8.179787050329406e-10,
      8.179787050329406e-10,
      8.179787050329406e-10,
      -6.37162781454712e-11,
      1.1123616263796061e-10,
      7.131400463562752e-11,
      3.593502587764983e-10,
      -2.84901265301592e-12
    ],
    [
      -2.7019290268860346e-05,
      661.2549122439765,
      -0.0003195345857822586,
      -0.0003195345857822586,
      -0.0003195345857822586,
      -3.3633648736605034e-06,
      -3.3633648736605034e-06,
      -3.3633648736605034e-06,
      5.756439147929499e-07,
      -1.0076195555148023e-06,
      -3.1620777794488985e-07,
      -1.4694625687788155e-06,
      1.2781565007943131e-08
    ],
    [
      3.5201415929716084e-08,
      -0.0003195345857822586,
      0.0001804224426771445,
      4.224426771444572e-07,
      4.224426771444572e-07,
      8.280667495151165e-09,
      8.280667495151165e-09,
      8.280667495151165e-09,
      -7.623458434123294e-10,
      1.3336885144118145e-09,
      7.3100880874502e-10,
      3.6356751850847103e-09,
      -3.0907873439204684e-11
    ],
    [
      3.5201415929716084e-08,
      -0.0003195345857822586,
      4.224426771444572e-07,
      0.0001804224426771445,
      4.224426771444572e-07,
      8.280667495151165e-09,
      8.280667495151165e-09,
      8.280667495151165e-09,
      -7.623458434123294e-10,
      1.3336885144118145e-09,
      7.3100880874502e-10,
      3.6356751850847103e-09,
      -3.0907873439204684e-11
    ],
    [
      3.5201415929716084e-08,
      -0.0003195345857822586,
      4.224426771444572e-07,
      4.224426771444572e-07,
      0.0001804224426771445,
      8.280667495151165e-09,
      8.280667495151165e-09,
      8.280667495151165e-09,
      -7.623458434123294e-10,
      1.3336885144118145e-09,
      7.3100880874502e-10,
      3.6356751850847103e-09,
      -3.0907873439204684e-11
    ],
    [
      8.179787050329406e-10,
      -3.3633648736605034e-06,
      8.280667495151165e-09,
      8.280667495151165e-09,
      8.280667495151165e-09,
      7.475299384854112e-06,
      1.5904609004198889e-09,
      1.5904609004198889e-09,
      -1.4771749875906717e-11,
      2.646715446868225e-11,
      1.311550918238648e-10,
      7.012893553858507e-10,
      -5.150618132689651e-12
    ],
    [
      8.179787050329406e-10,
      -3.3633648736605034e-06,
      8.280667495151165e-09,
      8.280667495151165e-09,
      8.280667495151165e-09,
      1.5904609004198889e-09,
      7.475299384854112e-06,
      1.5904609004198889e-09,
      -1.4771749875906717e-11,
      2.646715446868225e-11,
      1.311550918238648e-10,
      7.012893553858507e-10,
      -5.150618132689651e-12
    ],
    [
      8.179787050329406e-10,
      -3.3633648736605034e-06,
      8.280667495151165e-09,
      8.280667495151165e-09,
      8.280667495151165e-09,
      1.5904609004198889e-09,
      1.5904609004198889e-09,
      7.475299384854112e-06,
      -1.4771749875906717e-11,
      2.646715446868225e-11,
      1.311550918238648e-10,
      7.012893553858507e-10,
      -5.150618132689651e-12
    ],
    [
      -6.37162781454712e-11,
      5.7564391479295e-07,
      -7.623458434123294e-10,
      -7.623458434123294e-10,
      -7.623458434123294e-10,
      -1.4771749875906717e-11,
      -1.4771749875906717e-11,
      -1.4771749875906717e-11,
      2.0360142438734954e-07,
      -2.424732810993712e-12,
      -1.2882978816594068e-12,
      -6.4931399128114e-12,
      5.447311848603367e-14
    ],
    [
      1.112361626379606e-10,
      -1.0076195555148023e-06,
      1.3336885144118145e-09,
      1.3336885144118145e-09,
      1.3336885144118145e-09,
      2.6467154468682246e-11,
      2.6467154468682246e-11,
      2.6467154468682246e-11,
      -2.424732810993713e-12,
      3.140421729349603e-08,
      2.3281628373860523e-12,
      1.162415419551634e-11,
      -9.833921139309143e-14
    ],
    [
      7.131400463562752e-11,
      -3.1620777794488985e-07,
      7.310088087450201e-10,
      7.310088087450201e-10,
      7.310088087450201e-10,
      1.3115509182386476e-10,
      1.3115509182386476e-10,
      1.3115509182386476e-10,
      -1.2882978816594068e-12,
      2.3281628373860523e-12,
      0.0002970590426671813,
      5.782611748740422e-11,
      -4.2551183139979564e-13
    ],
    [
      3.593502587764983e-10,
      -1.4694625687788153e-06,
      3.6356751850847103e-09,
      3.6356751850847103e-09,
      3.6356751850847103e-09,
      7.012893553858507e-10,
      7.012893553858507e-10,
      7.012893553858507e-10,
      -6.493139912811401e-12,
      1.162415419551634e-11,
      5.782611748740421e-11,
      0.00015096393091415275,
      -2.2709869449323766e-12
    ],
    [
      -2.8490126530159204e-12,
      1.2781565007943131e-08,
      -3.0907873439204684e-11,
      -3.0907873439204684e-11,
      -3.0907873439204684e-11,
      -5.1506181326896506e-12,
      -5.1506181326896506e-12,
      -5.1506181326896506e-12,
      5.447311848603367e-14,
      -9.833921139309142e-14,
      -4.2551183139979564e-13,
      -2.2709869449323766e-12,
      5.495311985299299e-13
    ]
  ],
  "theory_cov_conservative": [
    [
      1.0631625866613265e-08,
      -2.701929026886035e-05,
      3.5201415929716084e-08,
      3.5201415929716084e-08,
      3.5201415929716084e-08,
      8.179787050329406e-10,
      8.179787050329406e-10,
      8.179787050329406e-10,
      -6.37162781454712e-11,
      1.1123616263796061e-10,
      7.131400463562752e-11,
      3.593502587764983e-10,
      -2.84901265301592e-12
    ],
    [
      -2.7019290268860346e-05,
      5.704912243976462,
      -0.0003195345857822586,
      -0.0003195345857822586,
      -0.0003195345857822586,
      -3.3633648736605034e-06,
      -3.3633648736605034e-06,
      -3.3633648736605034e-06,
      5.756439147929499e-07,
      -1.0076195555148023e-06,
      -3.1620777794488985e-07,
      -1.4694625687788155e-06,
      1.2781565007943131e-08
    ],
    [
      3.5201415929716084e-08,
      -0.0003195345857822586,
      2.022442677144457e-06,
      4.224426771444572e-07,
      4.224426771444572e-07,
      8.280667495151165e-09,
      8.280667495151165e-09,
      8.280667495151165e-09,
      -7.623458434123294e-10,
      1.3336885144118145e-09,
      7.3100880874502e-10,
      3.6356751850847103e-09,
      -3.0907873439204684e-11
    ],
    [
      3.5201415929716084e-08,
      -0.0003195345857822586,
      4.224426771444572e-07,
      2.022442677144457e-06,
      4.224426771444572e-07,
      8.280667495151165e-09,
      8.280667495151165e-09,
      8.280667495151165e-09,
      -7.623458434123294e-10,
      1.3336885144118145e-09,
      7.3100880874502e-10,
      3.6356751850847103e-09,
      -3.0907873439204684e-11
    ],
    [
      3.5201415929716084e-08,
      -0.0003195345857822586,
      4.224426771444572e-07,
      4.224426771444572e-07,
      2.022442677144457e-06,
      8.280667495151165e-09,
      8.280667495151165e-09,
      8.280667495151165e-09,
      -7.623458434123294e-10,
      1.3336885144118145e-09,
      7.3100880874502e-10,
      3.6356751850847103e-09,
      -3.0907873439204684e-11
    ],
    [
      8.179787050329406e-10,
      -3.3633648736605034e-06,
      8.280667495151165e-09,
      8.280667495151165e-09,
      8.280667495151165e-09,
      4.227826507335898e-08,
      1.5904609004198889e-09,
      1.5904609004198889e-09,
      -1.4771749875906717e-11,
      2.646715446868225e-11,
      1.311550918238648e-10,
      7.012893553858507e-10,
      -5.150618132689651e-12
    ],
    [
      8.179787050329406e-10,
      -3.3633648736605034e-06,
      8.280667495151165e-09,
      8.280667495151165e-09,
      8.280667495151165e-09,
      1.5904609004198889e-09,
      4.227826507335898e-08,
      1.5904609004198889e-09,
      -1.4771749875906717e-11,
      2.646715446868225e-11,
      1.311550918238648e-10,
      7.012893553858507e-10,
      -5.150618132689651e-12
    ],
    [
      8.179787050329406e-10,
      -3.3633648736605034e-06,
      8.280667495151165e-09,
      8.280667495151165e-09,
      8.280667495151165e-09,
      1.5904609004198889e-09,
      1.5904609004198889e-09,
      4.227826507335898e-08,
      -1.4771749875906717e-11,
      2.646715446868225e-11,
      1.311550918238648e-10,
      7.012893553858507e-10,
      -5.150618132689651e-12
    ],
    [
      -6.37162781454712e-11,
      5.7564391479295e-07,
      -7.623458434123294e-10,
      -7.623458434123294e-10,
      -7.623458434123294e-10,
      -1.4771749875906717e-11,
      -1.4771749875906717e-11,
      -1.4771749875906717e-11,
      2.337424387349529e-09,
      -2.424732810993712e-12,
      -1.2882978816594068e-12,
      -6.4931399128114e-12,
      5.447311848603367e-14
    ],
    [
      1.112361626379606e-10,
      -1.0076195555148023e-06,
      1.3336885144118145e-09,
      1.3336885144118145e-09,
      1.3336885144118145e-09,
      2.6467154468682246e-11,
      2.6467154468682246e-11,
      2.6467154468682246e-11,
      -2.424732810993713e-12,
      2.900421729349603e-08,
      2.3281628373860523e-12,
      1.162415419551634e-11,
      -9.833921139309143e-14
    ],
    [
      7.131400463562752e-11,
      -3.1620777794488985e-07,
      7.310088087450201e-10,
      7.310088087450201e-10,
      7.310088087450201e-10,
      1.3115509182386476e-10,
      1.3115509182386476e-10,
      1.3115509182386476e-10,
      -1.2882978816594068e-12,
      2.3281628373860523e-12,
      1.5999718774468616e-06,
      5.782611748740422e-11,
      -4.2551183139979564e-13
    ],
    [
      3.593502587764983e-10,
      -1.4694625687788153e-06,
      3.6356751850847103e-09,
      3.6356751850847103e-09,
      3.6356751850847103e-09,
      7.012893553858507e-10,
      7.012893553858507e-10,
      7.012893553858507e-10,
      -6.493139912811401e-12,
      1.162415419551634e-11,
      5.782611748740421e-11,
      8.142332892754773e-07,
      -2.2709869449323766e-12
    ],
    [
      -2.8490126530159204e-12,
      1.2781565007943131e-08,
      -3.0907873439204684e-11,
      -3.0907873439204684e-11,
      -3.0907873439204684e-11,
      -5.1506181326896506e-12,
      -5.1506181326896506e-12,
      -5.1506181326896506e-12,
      5.447311848603367e-14,
      -9.833921139309142e-14,
      -4.2551183139979564e-13,
      -2.2709869449323766e-12,
      1.5014519852992984e-13
    ]
  ],
  "theory_cov_aggressive": [
    [
      3.2626258666132644e-09,
      -2.701929026886035e-05,
      3.5201415929716084e-08,
      3.5201415929716084e-08,
      3.5201415929716084e-08,
      8.179787050329406e-10,
      8.179787050329406e-10,
      8.179787050329406e-10,
      -6.37162781454712e-11,
      1.1123616263796061e-10,
      7.131400463562752e-11,
      3.593502587764983e-10,
      -2.84901265301592e-12
    ],
    [
      -2.7019290268860346e-05,
      0.3449122439764625,
      -0.0003195345857822586,
      -0.0003195345857822586,
      -0.0003195345857822586,
      -3.3633648736605034e-06,
      -3.3633648736605034e-06,
      -3.3633648736605034e-06,
      5.756439147929499e-07,
      -1.0076195555148023e-06,
      -3.1620777794488985e-07,
      -1.4694625687788155e-06,
      1.2781565007943131e-08
    ],
    [
      3.5201415929716084e-08,
      -0.0003195345857822586,
      4.624426771444572e-07,
      4.224426771444572e-07,
      4.224426771444572e-07,
      8.280667495151165e-09,
      8.280667495151165e-09,
      8.280667495151165e-09,
      -7.623458434123294e-10,
      1.3336885144118145e-09,
      7.3100880874502e-10,
      3.6356751850847103e-09,
      -3.0907873439204684e-11
    ],
    [
      3.5201415929716084e-08,
      -0.0003195345857822586,
      4.224426771444572e-07,
      4.624426771444572e-07,
      4.224426771444572e-07,
      8.280667495151165e-09,
      8.280667495151165e-09,
      8.280667495151165e-09,
      -7.623458434123294e-10,
      1.3336885144118145e-09,
      7.3100880874502e-10,
      3.6356751850847103e-09,
      -3.0907873439204684e-11
    ],
    [
      3.5201415929716084e-08,
      -0.0003195345857822586,
      4.224426771444572e-07,
      4.224426771444572e-07,
      4.624426771444572e-07,
      8.280667495151165e-09,
      8.280667495151165e-09,
      8.280667495151165e-09,
      -7.623458434123294e-10,
      1.3336885144118145e-09,
      7.3100880874502e-10,
      3.6356751850847103e-09,
      -3.0907873439204684e-11
    ],
    [
      8.179787050329406e-10,
      -3.3633648736605034e-06,
      8.280667495151165e-09,
      8.280667495151165e-09,
      8.280667495151165e-09,
      1.6119307221946633e-09,
      1.5904609004198889e-09,
      1.5904609004198889e-09,
      -1.4771749875906717e-11,
      2.646715446868225e-11,
      1.311550918238648e-10,
      7.012893553858507e-10,
      -5.150618132689651e-12
    ],
    [
      8.179787050329406e-10,
      -3.3633648736605034e-06,
      8.280667495151165e-09,
      8.280667495151165e-09,
      8.280667495151165e-09,
      1.5904609004198889e-09,
      1.6119307221946633e-09,
      1.5904609004198889e-09,
      -1.4771749875906717e-11,
      2.646715446868225e-11,
      1.311550918238648e-10,
      7.012893553858507e-10,
      -5.150618132689651e-12
    ],
    [
      8.179787050329406e-10,
      -3.3633648736605034e-06,
      8.280667495151165e-09,
      8.280667495151165e-09,
      8.280667495151165e-09,
      1.5904609004198889e-09,
      1.5904609004198889e-09,
      1.6119307221946633e-09,
      -1.4771749875906717e-11,
      2.646715446868225e-11,
      1.311550918238648e-10,
      7.012893553858507e-10,
      -5.150618132689651e-12
    ],
    [
      -6.37162781454712e-11,
      5.7564391479295e-07,
      -7.623458434123294e-10,
      -7.623458434123294e-10,
      -7.623458434123294e-10,
      -1.4771749875906717e-11,
      -1.4771749875906717e-11,
      -1.4771749875906717e-11,
      9.467438734952901e-11,
      -2.424732810993712e-12,
      -1.2882978816594068e-12,
      -6.4931399128114e-12,
      5.447311848603367e-14
    ],
    [
      1.112361626379606e-10,
      -1.0076195555148023e-06,
      1.3336885144118145e-09,
      1.3336885144118145e-09,
      1.3336885144118145e-09,
      2.6467154468682246e-11,
      2.6467154468682246e-11,
      2.6467154468682246e-11,
      -2.424732810993713e-12,
      1.164217293496025e-09,
      2.3281628373860523e-12,
      1.162415419551634e-11,
      -9.833921139309143e-14
    ],
    [
      7.131400463562752e-11,
      -3.1620777794488985e-07,
      7.310088087450201e-10,
      7.310088087450201e-10,
      7.310088087450201e-10,
      1.3115509182386476e-10,
      1.3115509182386476e-10,
      1.3115509182386476e-10,
      -1.2882978816594068e-12,
      2.3281628373860523e-12,
      6.514819046906097e-10,
      5.782611748740422e-11,
      -4.2551183139979564e-13
    ],
    [
      3.593502587764983e-10,
      -1.4694625687788153e-06,
      3.6356751850847103e-09,
      3.6356751850847103e-09,
      3.6356751850847103e-09,
      7.012893553858507e-10,
      7.012893553858507e-10,
      7.012893553858507e-10,
      -6.493139912811401e-12,
      1.162415419551634e-11,
      5.782611748740421e-11,
      6.73403850755499e-10,
      -2.2709869449323766e-12
    ],
    [
      -2.8490126530159204e-12,
      1.2781565007943131e-08,
      -3.0907873439204684e-11,
      -3.0907873439204684e-11,
      -3.0907873439204684e-11,
      -5.1506181326896506e-12,
      -5.1506181326896506e-12,
      -5.1506181326896506e-12,
      5.447311848603367e-14,
      -9.833921139309142e-14,
      -4.2551183139979564e-13,
      -2.2709869449323766e-12,
      3.831769852992985e-14
    ]
  ],
  "LO": {
    "SM": [
      2.444198374410498,
      42027.74730966648,
      20.19561958192118,
      20.19561958192118,
      20.19561958192118,
      0.2146021611298338,
      0.2146021611298338,
      0.2146021611298338,
      0.2193448196685921,
      0.1709827704971118,
      0.940900489505203,
      0.696737362851369,
      0.0075614599158798
    ],
    "O3pQ3": [
      0.1027484379948221,
      -985.527520416931,
      1.2243779804402777,
      1.2243779804402777,
      1.2243779804402777,
      0.0,
      0.0,
      0.0,
      0.0473279370923606,
      -0.0103659874549599,
      0.0163348379659056,
      0.0,
      0.0
    ],
    "O3pl1": [
      -0.1169161193278419,
      4508.143796666293,
      -2.682904273209957,
      0.0,
      0.0,
      0.1043368444096125,
      0.0,
      0.0,
      0.0,
      0.0,
      0.0,
      0.0,
      -0.0004584068263754
    ],
    "O3pl2": [
      -0.1169161193278419,
      -1075.068067327759,
      0.0,
      -2.682904273209957,
      0.0,
      0.0,
      0.1043368444096125,
      0.0,
      0.0,
      0.0,
      0.0,
      0.0,
      -0.0004584068263754
    ],
    "O3pl3": [
      0.0312612475180031,
      -1075.068067327759,
      0.0,
      0.0,
      -2.682904273209957,
      0.0,
      0.0,
      0.1043368444096125,
      0.0,
      0.0,
      0.0,
      0.0,
      0.0
    ],
    "O3pq": [
      0.2054968759896443,
      -1971.055040833862,
      2.448755960880556,
      2.448755960880556,
      2.448755960880556,
      0.0,
      0.0,
      0.0,
      -0.0265959621824408,
      -0.0207319749099198,
      0.0,
      0.0,
      0.0
    ],
    "Oll1221": [
      0.1481773668458451,
      0.0,
      0.0,
      0.0,
      0.0,
      0.0,
      0.0,
      0.0,
      0.0,
      0.0,
      0.0,
      0.0,
      0.0004584068263754
    ],
    "OpD": [
      -0.0106735976568884,
      115.35737162974704,
      0.2866250611363628,
      0.2866250611363628,
      0.2866250611363628,
      0.1819191705881603,
      0.1819191705881603,
      0.1819191705881603,
      -0.0010662370986297,
      0.0015993556479446,
      0.0142405120226915,
      0.0773844715575137,
      -0.0007992669331533
    ],
    "OpQM": [
      0.051374218997411,
      -492.7637602084655,
      0.6121889902201388,
      0.6121889902201388,
      0.6121889902201388,
      0.0,
      0.0,
      0.0,
      0.0236639685461803,
      -0.0051829937274799,
      0.0081674189829528,
      0.0,
      0.0
    ],
    "OpWB": [
      0.0679183610258905,
      123.54920786913829,
      0.3069790751864636,
      0.3069790751864636,
      0.3069790751864636,
      0.1948377386277237,
      0.1948377386277237,
      0.1948377386277237,
      -0.0011419534536484,
      0.0017129301804726,
      0.0152517689610811,
      0.0828797503551758,
      -0.0017120500419173
    ],
    "Opdi": [
      -0.0268940863224384,
      257.95878481936103,
      -0.3204771550776579,
      -0.3204771550776579,
      -0.3204771550776579,
      0.0,
      0.0,
      0.0,
      -0.001808843468388,
      0.002713265202582,
      0.046805245559551,
      0.0,
      0.0
    ],
    "Ope": [
      -0.0089646954408128,
      -4181.350209105151,
      2.15741156954824,
      0.0,
      0.0,
      0.1297507483833545,
      0.0,
      0.0,
      0.0,
      0.0,
      0.0,
      0.0,
      0.0
    ],
    "Opl1": [
      -0.0089646954408128,
      5891.5059522637575,
      -2.682904273209957,
      0.0,
      0.0,
      0.1043368444096125,
      0.0,
      0.0,
      0.0,
      0.0,
      0.0,
      0.0,
      0.0
    ],
    "Opl2": [
      -0.0089646954408128,
      308.2940882697139,
      0.0,
      -2.682904273209957,
      0.0,
      0.0,
      0.1043368444096125,
      0.0,
      0.0,
      0.0,
      0.0,
      0.0,
      0.0
    ],
    "Opl3": [
      -0.0089646954408128,
      308.2940882697139,
      0.0,
      0.0,
      -2.682904273209957,
      0.0,
      0.0,
      0.1043368444096125,
      0.0,
      0.0,
      0.0,
      0.0,
      0.0
    ],
    "Opmu": [
      -0.0089646954408128,
      308.2940882697139,
      0.0,
      2.15741156954824,
      0.0,
      0.0,
      0.1297507483833545,
      0.0,
      0.0,
      0.0,
      0.0,
      0.0,
      0.0
    ],
    "OpqMi": [
      0.0179293908816256,
      -171.9725232129074,
      0.2136514367184386,
      0.2136514367184386,
      0.2136514367184386,
      0.0,
      0.0,
      0.0,
      -0.0023204703212419,
      -0.0268322536099275,
      0.0,
      -0.0443826318167143,
      0.0
    ],
    "Opta": [
      -0.0089646954408128,
      308.2940882697139,
      0.0,
      0.0,
      2.15741156954824,
      0.0,
      0.0,
      0.1297507483833545,
      0.0,
      0.0,
      0.0,
      0.0,
      0.0
    ],
    "Opui": [
      0.0358587817632513,
      -343.9450464258148,
      0.4273028734368772,
      0.4273028734368772,
      0.4273028734368772,
      0.0,
      0.0,
      0.0,
      -0.0046409406424839,
      0.0069614109637259,
      0.0,
      -0.1049810493820919,
      0.0
    ],
    "O3pQ3*O3pQ3": [
      0.0073159867491926,
      -61.5838708133741,
      0.0871792628259302,
      0.0871792628259302,
      0.0871792628259302,
      0.0,
      0.0,
      0.0,
      0.0005005867270364,
      -0.0001096408601636,
      -0.0033517876562981,
      0.0,
      0.0
    ],
    "O3pQ3*Oll1221": [
      0.0031145166343685,
      29.87336757490408,
      -0.0371134166246695,
      -0.0371134166246695,
      -0.0371134166246695,
      0.0,
      0.0,
      0.0,
      -0.0014346071845095,
      0.0003142144152279,
      -0.0004951425594138,
      0.0,
      0.0
    ],
    "O3pQ3*OpD": [
      0.0003379271923188,
      -31.82783978615189,
      0.0163817043727496,
      0.0163817043727496,
      0.0163817043727496,
      0.0,
      0.0,
      0.0,
      2.61723460394e-05,
      -8.85366869822e-05,
      -0.0038698867993576,
      0.0,
      0.0
    ],
    "O3pQ3*OpQM": [
      0.0073159867491926,
      -61.5838708133741,
      0.0871792628259302,
      0.0871792628259302,
      0.0871792628259302,
      0.0,
      0.0,
      0.0,
      0.0005005867270364,
      -0.0001096408601636,
      -0.0033517876562981,
      0.0,
      0.0
    ],
    "O3pQ3*OpWB": [
      0.0020297677136378,
      -18.090642272360245,
      -0.0023294568006496,
      -0.0023294568006496,
      -0.0023294568006496,
      0.0,
      0.0,
      0.0,
      -0.0007402103289729,
      7.34398971434e-05,
      -0.0044098498164085,
      0.0,
      0.0
    ],
    "O3pQ3*Opdi": [
      0.0,
      -4.49605110032235,
      0.0,
      0.0,
      0.0,
      0.0,
      0.0,
      0.0,
      0.0008606931160147,
      -0.0003289883883641,
      -0.0125428403871013,
      0.0,
      0.0
    ],
    "O3pQ3*Ope": [
      0.0,
      85.09038945929032,
      0.1307950573037428,
      0.0,
      0.0,
      0.0,
      0.0,
      0.0,
      0.0,
      0.0,
      0.0,
      0.0,
      0.0
    ],
    "O3pQ3*Opl1": [
      0.0,
      -151.11253817054717,
      -0.1626535349620068,
      0.0,
      0.0,
      0.0,
      0.0,
      0.0,
      0.0,
      0.0,
      0.0,
      0.0,
      0.0
    ],
    "O3pQ3*Opl2": [
      0.0,
      -20.189295872028836,
      0.0,
      -0.1626535349620068,
      0.0,
      0.0,
      0.0,
      0.0,
      0.0,
      0.0,
      0.0,
      0.0,
      0.0
    ],
    "O3pQ3*Opl3": [
      0.0,
      -20.189295872028836,
      0.0,
      0.0,
      -0.1626535349620068,
      0.0,
      0.0,
      0.0,
      0.0,
      0.0,
      0.0,
      0.0,
      0.0
    ],
    "O3pQ3*Opmu": [
      0.0,
      -20.189295872028836,
      0.0,
      0.1307950573037428,
      0.0,
      0.0,
      0.0,
      0.0,
      0.0,
      0.0,
      0.0,
      0.0,
      0.0
    ],
    "O3pQ3*OpqMi": [
      0.0,
      2.9973674002149004,
      0.0,
      0.0,
      0.0,
      0.0,
      0.0,
      0.0,
      -0.0003600062360858,
      0.0017363928081579,
      0.0,
      0.0,
      0.0
    ],
    "O3pQ3*Opta": [
      0.0,
      -20.189295872028836,
      0.0,
      0.0,
      0.1307950573037428,
      0.0,
      0.0,
      0.0,
      0.0,
      0.0,
      0.0,
      0.0,
      0.0
    ],
    "O3pQ3*Opui": [
      0.0,
      5.994734800429801,
      0.0,
      0.0,
      0.0,
      0.0,
      0.0,
      0.0,
      -0.0007200124721716,
      -0.0002027163392863,
      0.0,
      0.0,
      0.0
    ],
    "O3pl1*O3pQ3": [
      -0.0031145166343685,
      -90.39348467674138,
      -0.1255401183373373,
      0.0371134166246695,
      0.0371134166246695,
      0.0,
      0.0,
      0.0,
      0.0014346071845095,
      -0.0003142144152279,
      0.0004951425594138,
      0.0,
      0.0
    ],
    "O3pl1*O3pl1": [
      0.0025175188553684,
      277.8543810359189,
      0.1283684156282639,
      0.0,
      0.0,
      -0.004992185350128,
      0.0,
      0.0,
      0.0,
      0.0,
      0.0,
      0.0,
      6.947627204446261e-06
    ],
    "O3pl1*O3pl2": [
      0.0025963754610059,
      2.4955550844469303,
      -0.0813243505244534,
      -0.0813243505244534,
      0.0,
      0.0031626645020885,
      0.0031626645020885,
      0.0,
      0.0,
      0.0,
      0.0,
      0.0,
      1.38952544088e-05
    ],
    "O3pl1*O3pl3": [
      -0.0009475927547515,
      -134.15556213789716,
      0.0,
      0.0,
      -0.0813243505244534,
      0.0,
      0.0,
      0.0031626645020885,
      0.0,
      0.0,
      0.0,
      0.0,
      0.0
    ],
    "O3pl1*O3pq": [
      -0.0062290332687371,
      -180.7869693534828,
      -0.2510802366746748,
      0.0742268332493391,
      0.0742268332493391,
      0.0,
      0.0,
      0.0,
      -0.0008061783540536,
      -0.0006284288304559,
      0.0,
      0.0,
      0.0
    ],
    "O3pl1*Oll1221": [
      -0.0035439682157575,
      -136.65111722233968,
      0.0813243505244534,
      0.0,
      0.0,
      -0.0031626645020885,
      0.0,
      0.0,
      0.0,
      0.0,
      0.0,
      0.0,
      -1.38952544088e-05
    ],
    "O3pl1*OpD": [
      0.0007973350909532,
      441.1691736485186,
      -0.2438433404195696,
      0.0086881955400733,
      0.0086881955400733,
      -0.0103128278664957,
      0.0055143444899465,
      0.0055143444899465,
      -3.23198410084e-05,
      4.84797615127e-05,
      0.0004316592294944,
      0.0023456826070664,
      2.42274258099e-05
    ],
    "O3pl1*OpQM": [
      -0.0015572583171842,
      -45.19674233837069,
      -0.0627700591686687,
      0.0185567083123347,
      0.0185567083123347,
      0.0,
      0.0,
      0.0,
      0.0007173035922547,
      -0.0001571072076139,
      0.0002475712797069,
      0.0,
      0.0
    ],
    "O3pl1*OpWB": [
      -0.0010438614567093,
      399.32023975701503,
      -0.2176096044359309,
      0.009305167598942,
      0.009305167598942,
      -0.0127387963164356,
      0.0059059328764626,
      0.0059059328764626,
      -3.46149595699e-05,
      5.19224393548e-05,
      0.0004623125086848,
      0.0025122558179085,
      5.18957605437e-05
    ],
    "O3pl1*Opdi": [
      0.0008152151103416,
      23.66021544779895,
      0.0328597382635017,
      -0.0097143221824431,
      -0.0097143221824431,
      0.0,
      0.0,
      0.0,
      -5.4829768522e-05,
      8.22446527831e-05,
      0.0014187633283366,
      0.0,
      0.0
    ],
    "O3pl1*Ope": [
      0.0002717383701138,
      17.225952808643672,
      -0.5078107674517324,
      0.0,
      0.0,
      -0.002157978014279,
      0.0,
      0.0,
      0.0,
      0.0,
      0.0,
      0.0,
      0.0
    ],
    "O3pl1*Opl1": [
      0.0002717383701138,
      675.5497089372269,
      0.3380611817809815,
      0.0,
      0.0,
      -0.0131470352023445,
      0.0,
      0.0,
      0.0,
      0.0,
      0.0,
      0.0,
      0.0
    ],
    "O3pl1*Opl2": [
      0.0002717383701138,
      38.47139355410192,
      0.0,
      -0.0813243505244534,
      0.0,
      0.0,
      0.0031626645020885,
      0.0,
      0.0,
      0.0,
      0.0,
      0.0,
      0.0
    ],
    "O3pl1*Opl3": [
      0.0002717383701138,
      38.47139355410192,
      0.0,
      0.0,
      -0.0813243505244534,
      0.0,
      0.0,
      0.0031626645020885,
      0.0,
      0.0,
      0.0,
      0.0,
      0.0
    ],
    "O3pl1*Opmu": [
      0.0002717383701138,
      38.47139355410192,
      0.0,
      0.0653955850976133,
      0.0,
      0.0,
      0.0039330122389023,
      0.0,
      0.0,
      0.0,
      0.0,
      0.0,
      0.0
    ],
    "O3pl1*OpqMi": [
      -0.0005434767402277,
      -15.773476965199302,
      -0.0219064921756678,
      0.0064762147882954,
      0.0064762147882954,
      0.0,
      0.0,
      0.0,
      -7.0338231472e-05,
      -0.0008133408335601,
      0.0,
      -0.0013453289195226,
      0.0
    ],
    "O3pl1*Opta": [
      0.0002717383701138,
      38.47139355410192,
      0.0,
      0.0,
      0.0653955850976133,
      0.0,
      0.0,
      0.0039330122389023,
      0.0,
      0.0,
      0.0,
      0.0,
      0.0
    ],
    "O3pl1*Opui": [
      -0.0010869534804555,
      -31.546953930398605,
      -0.0438129843513356,
      0.0129524295765908,
      0.0129524295765908,
      0.0,
      0.0,
      0.0,
      -0.000140676462944,
      0.000211014694416,
      0.0,
      -0.003182191680719,
      0.0
    ],
    "O3pl2*O3pQ3": [
      -0.0031145166343685,
      40.52975762178028,
      0.0371134166246695,
      -0.1255401183373373,
      0.0371134166246695,
      0.0,
      0.0,
      0.0,
      0.0014346071845095,
      -0.0003142144152279,
      0.0004951425594138,
      0.0,
      0.0
    ],
    "O3pl2*O3pl2": [
      0.0025175188553684,
      -53.89493195627875,
      0.0,
      0.1283684156282639,
      0.0,
      0.0,
      -0.004992185350128,
      0.0,
      0.0,
      0.0,
      0.0,
      0.0,
      6.947627204446261e-06
    ],
    "O3pl2*O3pl3": [
      -0.0009475927547515,
      8.662770328971405,
      0.0,
      0.0,
      -0.0813243505244534,
      0.0,
      0.0,
      0.0031626645020885,
      0.0,
      0.0,
      0.0,
      0.0,
      0.0
    ],
    "O3pl2*O3pq": [
      -0.0062290332687371,
      81.05951524356055,
      0.0742268332493391,
      -0.2510802366746748,
      0.0742268332493391,
      0.0,
      0.0,
      0.0,
      -0.0008061783540536,
      -0.0006284288304559,
      0.0,
      0.0,
      0.0
    ],
    "O3pl2*Oll1221": [
      -0.0035439682157575,
      32.5875258457898,
      0.0,
      0.0813243505244534,
      0.0,
      0.0,
      -0.0031626645020885,
      0.0,
      0.0,
      0.0,
      0.0,
      0.0,
      -1.38952544088e-05
    ],
    "O3pl2*OpD": [
      0.0007973350909532,
      -20.44260739415722,
      0.0086881955400733,
      -0.2438433404195696,
      0.0086881955400733,
      0.0055143444899465,
      -0.0103128278664957,
      0.0055143444899465,
      -3.23198410084e-05,
      4.84797615127e-05,
      0.0004316592294944,
      0.0023456826070664,
      2.42274258099e-05
    ],
    "O3pl2*OpQM": [
      -0.0015572583171842,
      20.26487881089014,
      0.0185567083123347,
      -0.0627700591686687,
      0.0185567083123347,
      0.0,
      0.0,
      0.0,
      0.0007173035922547,
      -0.0001571072076139,
      0.0002475712797069,
      0.0,
      0.0
    ],
    "O3pl2*OpWB": [
      -0.0010438614567093,
      -4.443465040465406,
      0.009305167598942,
      -0.2176096044359309,
      0.009305167598942,
      0.0059059328764626,
      -0.0127387963164356,
      0.0059059328764626,
      -3.46149595699e-05,
      5.19224393548e-05,
      0.0004623125086848,
      0.0025122558179085,
      5.18957605437e-05
    ],
    "O3pl2*Opdi": [
      0.0008152151103416,
      -10.608538887594548,
      -0.0097143221824431,
      0.0328597382635017,
      -0.0097143221824431,
      0.0,
      0.0,
      0.0,
      -5.4829768522e-05,
      8.22446527831e-05,
      0.0014187633283366,
      0.0,
      0.0
    ],
    "O3pl2*Ope": [
      0.0002717383701138,
      -23.72963775737221,
      0.0653955850976133,
      0.0,
      0.0,
      0.0039330122389023,
      0.0,
      0.0,
      0.0,
      0.0,
      0.0,
      0.0,
      0.0
    ],
    "O3pl2*Opl1": [
      0.0002717383701138,
      23.93611358935032,
      -0.0813243505244534,
      0.0,
      0.0,
      0.0031626645020885,
      0.0,
      0.0,
      0.0,
      0.0,
      0.0,
      0.0,
      0.0
    ],
    "O3pl2*Opl2": [
      0.0002717383701138,
      -2.4841970119143637,
      0.0,
      0.3380611817809815,
      0.0,
      0.0,
      -0.0131470352023445,
      0.0,
      0.0,
      0.0,
      0.0,
      0.0,
      0.0
    ],
    "O3pl2*Opl3": [
      0.0002717383701138,
      -2.4841970119143637,
      0.0,
      0.0,
      -0.0813243505244534,
      0.0,
      0.0,
      0.0031626645020885,
      0.0,
      0.0,
      0.0,
      0.0,
      0.0
    ],
    "O3pl2*Opmu": [
      0.0002717383701138,
      -2.4841970119143637,
      0.0,
      -0.5078107674517324,
      0.0,
      0.0,
      -0.002157978014279,
      0.0,
      0.0,
      0.0,
      0.0,
      0.0,
      0.0
    ],
    "O3pl2*OpqMi": [
      -0.0005434767402277,
      7.072359258396366,
      0.0064762147882954,
      -0.0219064921756678,
      0.0064762147882954,
      0.0,
      0.0,
      0.0,
      -7.0338231472e-05,
      -0.0008133408335601,
      0.0,
      -0.0013453289195226,
      0.0
    ],
    "O3pl2*Opta": [
      0.0002717383701138,
      -2.4841970119143637,
      0.0,
      0.0,
      0.0653955850976133,
      0.0,
      0.0,
      0.0039330122389023,
      0.0,
      0.0,
      0.0,
      0.0,
      0.0
    ],
    "O3pl2*Opui": [
      -0.0010869534804555,
      14.144718516792732,
      0.0129524295765908,
      -0.0438129843513356,
      0.0129524295765908,
      0.0,
      0.0,
      0.0,
      -0.000140676462944,
      0.000211014694416,
      0.0,
      -0.003182191680719,
      0.0
    ],
    "O3pl3*O3pQ3": [
      0.0,
      70.40312519668443,
      0.0,
      0.0,
      -0.1626535349620068,
      0.0,
      0.0,
      0.0,
      0.0,
      0.0,
      0.0,
      0.0,
      0.0
    ],
    "O3pl3*O3pl3": [
      0.0012193311248654,
      -21.307406110488955,
      0.0,
      0.0,
      0.2096927661527177,
      0.0,
      0.0,
      -0.0081548498522165,
      0.0,
      0.0,
      0.0,
      0.0,
      0.0
    ],
    "O3pl3*O3pq": [
      0.0,
      140.80625039336886,
      0.0,
      0.0,
      -0.3253070699240136,
      0.0,
      0.0,
      0.0,
      0.0,
      0.0,
      0.0,
      0.0,
      0.0
    ],
    "O3pl3*Oll1221": [
      0.0009475927547515,
      32.5875258457898,
      0.0,
      0.0,
      0.0813243505244534,
      0.0,
      0.0,
      -0.0031626645020885,
      0.0,
      0.0,
      0.0,
      0.0,
      0.0
    ],
    "O3pl3*OpD": [
      0.0004737963773757,
      -23.939326758943647,
      0.0,
      0.0,
      -0.2525315359596447,
      0.0,
      0.0,
      -0.0158271723564422,
      0.0,
      0.0,
      0.0,
      0.0,
      0.0
    ],
    "O3pl3*OpQM": [
      0.0,
      35.201562598342214,
      0.0,
      0.0,
      -0.0813267674810034,
      0.0,
      0.0,
      0.0,
      0.0,
      0.0,
      0.0,
      0.0,
      0.0
    ],
    "O3pl3*OpWB": [
      0.0010148838568189,
      -8.188495822253039,
      0.0,
      0.0,
      -0.2269147720348718,
      0.0,
      0.0,
      -0.0186447291928994,
      0.0,
      0.0,
      0.0,
      0.0,
      0.0
    ],
    "O3pl3*Opdi": [
      0.0,
      -18.42780059103664,
      0.0,
      0.0,
      0.0425740604459446,
      0.0,
      0.0,
      0.0,
      0.0,
      0.0,
      0.0,
      0.0,
      0.0
    ],
    "O3pl3*Ope": [
      0.0,
      103.0156932133513,
      0.0,
      0.0,
      0.0,
      0.0,
      0.0,
      0.0,
      0.0,
      0.0,
      0.0,
      0.0,
      0.0
    ],
    "O3pl3*Opl1": [
      0.0,
      -154.64755783086284,
      0.0,
      0.0,
      0.0,
      0.0,
      0.0,
      0.0,
      0.0,
      0.0,
      0.0,
      0.0,
      0.0
    ],
    "O3pl3*Opl2": [
      0.0,
      -11.829225363994125,
      0.0,
      0.0,
      0.0,
      0.0,
      0.0,
      0.0,
      0.0,
      0.0,
      0.0,
      0.0,
      0.0
    ],
    "O3pl3*Opl3": [
      0.0,
      -11.829225363994125,
      0.0,
      0.0,
      0.4193855323054354,
      0.0,
      0.0,
      -0.0163096997044331,
      0.0,
      0.0,
      0.0,
      0.0,
      0.0
    ],
    "O3pl3*Opmu": [
      0.0,
      -11.829225363994125,
      0.0,
      0.0,
      0.0,
      0.0,
      0.0,
      0.0,
      0.0,
      0.0,
      0.0,
      0.0,
      0.0
    ],
    "O3pl3*OpqMi": [
      0.0,
      12.285200394024432,
      0.0,
      0.0,
      -0.0283827069639631,
      0.0,
      0.0,
      0.0,
      0.0,
      0.0,
      0.0,
      0.0,
      0.0
    ],
    "O3pl3*Opta": [
      0.0,
      -11.829225363994125,
      0.0,
      0.0,
      -0.5732063525493453,
      0.0,
      0.0,
      -0.0060909902531811,
      0.0,
      0.0,
      0.0,
      0.0,
      0.0
    ],
    "O3pl3*Opui": [
      0.0,
      24.570400788048865,
      0.0,
      0.0,
      -0.0567654139279262,
      0.0,
      0.0,
      0.0,
      0.0,
      0.0,
      0.0,
      0.0,
      0.0
    ],
    "O3pq*O3pQ3": [
      0.0,
      34.35418643076154,
      0.0,
      0.0,
      0.0,
      0.0,
      0.0,
      0.0,
      -0.0041261946566319,
      0.0025137900293457,
      0.0,
      0.0,
      0.0
    ],
    "O3pq*O3pq": [
      0.0146319734983853,
      -105.99064841136736,
      0.1743585256518605,
      0.1743585256518605,
      0.1743585256518605,
      0.0,
      0.0,
      0.0,
      0.0013310996205772,
      0.0010376132943454,
      0.0,
      0.0,
      0.0
    ],
    "O3pq*Oll1221": [
      0.0062290332687371,
      59.74673514980816,
      -0.0742268332493391,
      -0.0742268332493391,
      -0.0742268332493391,
      0.0,
      0.0,
      0.0,
      0.0008061783540536,
      0.0006284288304559,
      0.0,
      0.0,
      0.0
    ],
    "O3pq*OpD": [
      0.0006758543846376,
      -63.65567957230378,
      0.0327634087454992,
      0.0327634087454992,
      0.0327634087454992,
      0.0,
      0.0,
      0.0,
      0.0001509010279249,
      -0.0001770733739644,
      0.0,
      0.0,
      0.0
    ],
    "O3pq*OpQM": [
      0.0,
      17.17709321538077,
      0.0,
      0.0,
      0.0,
      0.0,
      0.0,
      0.0,
      -0.0020630973283159,
      0.0012568950146728,
      0.0,
      0.0,
      0.0
    ],
    "O3pq*OpWB": [
      0.0040595354272756,
      -36.18128454472049,
      -0.0046589136012993,
      -0.0046589136012993,
      -0.0046589136012993,
      0.0,
      0.0,
      0.0,
      0.000593330534686,
      0.0001468797942868,
      0.0,
      0.0,
      0.0
    ],
    "O3pq*Opdi": [
      0.0,
      -8.9921022006447,
      0.0,
      0.0,
      0.0,
      0.0,
      0.0,
      0.0,
      -0.0002027163392863,
      -0.0006579767767283,
      0.0,
      0.0,
      0.0
    ],
    "O3pq*Ope": [
      0.0,
      170.18077891858064,
      0.2615901146074856,
      0.0,
      0.0,
      0.0,
      0.0,
      0.0,
      0.0,
      0.0,
      0.0,
      0.0,
      0.0
    ],
    "O3pq*Opl1": [
      0.0,
      -302.22507634109434,
      -0.3253070699240136,
      0.0,
      0.0,
      0.0,
      0.0,
      0.0,
      0.0,
      0.0,
      0.0,
      0.0,
      0.0
    ],
    "O3pq*Opl2": [
      0.0,
      -40.37859174405767,
      0.0,
      -0.3253070699240136,
      0.0,
      0.0,
      0.0,
      0.0,
      0.0,
      0.0,
      0.0,
      0.0,
      0.0
    ],
    "O3pq*Opl3": [
      0.0,
      -40.37859174405767,
      0.0,
      0.0,
      -0.3253070699240136,
      0.0,
      0.0,
      0.0,
      0.0,
      0.0,
      0.0,
      0.0,
      0.0
    ],
    "O3pq*Opmu": [
      0.0,
      -40.37859174405767,
      0.0,
      0.2615901146074856,
      0.0,
      0.0,
      0.0,
      0.0,
      0.0,
      0.0,
      0.0,
      0.0,
      0.0
    ],
    "O3pq*OpqMi": [
      0.0146319734983853,
      -134.35010004169925,
      0.1743585256518605,
      0.1743585256518605,
      0.1743585256518605,
