{
  "best_sm": [
    2.495266944235,
    41488.16350728358,
    20.756060355836,
    20.756060355836,
    20.756060355836,
    0.149225065947,
    0.149225065947,
    0.149225065947,
    0.215862791072,
    0.17222884431,
    0.934915917189,
    0.668759849564,
    0.00780832
  ],
  "scales": [
    91.1876,
    91.1876,
    91.1876,
    91.1876,
    91.1876,
    91.1876,
    91.1876,
    91.1876,
    91.1876,
    91.1876,
    91.1876,
    91.1876,
    91.1876
  ],
  "theory_cov_current": [
    [
      2.1590662586661324e-07,
      -2.701929026886035e-05,
      3.5201415929716084e-08,
      3.5201415929716084e-08,
      3.5201415929716084e-08,
      8.179787050329406e-10,
      8.179787050329406e-10,
      8.179787050329406e-10,
      -6.37162781454712e-11,
      1.1123616263796061e-10,
      7.131400463562752e-11,
      3.593502587764983e-10,
      -2.84901265301592e-12
    ],
    [
      -2.7019290268860346e-05,
      661.2549122439765,
      -0.0003195345857822586,
      -0.0003195345857822586,
      -0.0003195345857822586,
      -3.3633648736605034e-06,
      -3.3633648736605034e-06,
      -3.3633648736605034e-06,
      5.756439147929499e-07,
      -1.0076195555148023e-06,
      -3.1620777794488985e-07,
      -1.4694625687788155e-06,
      1.2781565007943131e-08
    ],
    [
      3.5201415929716084e-08,
      -0.0003195345857822586,
      0.0001804224426771445,
      4.224426771444572e-07,
      4.224426771444572e-07,
      8.280667495151165e-09,
      8.280667495151165e-09,
      8.280667495151165e-09,
      -7.623458434123294e-10,
      1.3336885144118145e-09,
      7.3100880874502e-10,
      3.6356751850847103e-09,
      -3.0907873439204684e-11
    ],
    [
      3.5201415929716084e-08,
      -0.0003195345857822586,
      4.224426771444572e-07,
      0.0001804224426771445,
      4.224426771444572e-07,
      8.280667495151165e-09,
      8.280667495151165e-09,
      8.280667495151165e-09,
      -7.623458434123294e-10,
      1.3336885144118145e-09,
      7.3100880874502e-10,
      3.6356751850847103e-09,
      -3.0907873439204684e-11
    ],
    [
      3.5201415929716084e-08,
      -0.0003195345857822586,
      4.224426771444572e-07,
      4.224426771444572e-07,
      0.0001804224426771445,
      8.280667495151165e-09,
      8.280667495151165e-09,
      8.280667495151165e-09,
      -7.623458434123294e-10,
      1.3336885144118145e-09,
      7.3100880874502e-10,
      3.6356751850847103e-09,
      -3.0907873439204684e-11
    ],
    [
      8.179787050329406e-10,
      -3.3633648736605034e-06,
      8.280667495151165e-09,
      8.280667495151165e-09,
      8.280667495151165e-09,
      7.475299384854112e-06,
      1.5904609004198889e-09,
      1.5904609004198889e-09,
      -1.4771749875906717e-11,
      2.646715446868225e-11,
      1.311550918238648e-10,
      7.012893553858507e-10,
      -5.150618132689651e-12
    ],
    [
      8.179787050329406e-10,
      -3.3633648736605034e-06,
      8.280667495151165e-09,
      8.280667495151165e-09,
      8.280667495151165e-09,
      1.5904609004198889e-09,
      7.475299384854112e-06,
      1.5904609004198889e-09,
      -1.4771749875906717e-11,
      2.646715446868225e-11,
      1.311550918238648e-10,
      7.012893553858507e-10,
      -5.150618132689651e-12
    ],
    [
      8.179787050329406e-10,
      -3.3633648736605034e-06,
      8.280667495151165e-09,
      8.280667495151165e-09,
      8.280667495151165e-09,
      1.5904609004198889e-09,
      1.5904609004198889e-09,
      7.475299384854112e-06,
      -1.4771749875906717e-11,
      2.646715446868225e-11,
      1.311550918238648e-10,
      7.012893553858507e-10,
      -5.150618132689651e-12
    ],
    [
      -6.37162781454712e-11,
      5.7564391479295e-07,
      -7.623458434123294e-10,
      -7.623458434123294e-10,
      -7.623458434123294e-10,
      -1.4771749875906717e-11,
      -1.4771749875906717e-11,
      -1.4771749875906717e-11,
      2.0360142438734954e-07,
      -2.424732810993712e-12,
      -1.2882978816594068e-12,
      -6.4931399128114e-12,
      5.447311848603367e-14
    ],
    [
      1.112361626379606e-10,
      -1.0076195555148023e-06,
      1.3336885144118145e-09,
      1.3336885144118145e-09,
      1.3336885144118145e-09,
      2.6467154468682246e-11,
      2.6467154468682246e-11,
      2.6467154468682246e-11,
      -2.424732810993713e-12,
      3.140421729349603e-08,
      2.3281628373860523e-12,
      1.162415419551634e-11,
      -9.833921139309143e-14
    ],
    [
      7.131400463562752e-11,
      -3.1620777794488985e-07,
      7.310088087450201e-10,
      7.310088087450201e-10,
      7.310088087450201e-10,
      1.3115509182386476e-10,
      1.3115509182386476e-10,
      1.3115509182386476e-10,
      -1.2882978816594068e-12,
      2.3281628373860523e-12,
      0.0002970590426671813,
      5.782611748740422e-11,
      -4.2551183139979564e-13
    ],
    [
      3.593502587764983e-10,
      -1.4694625687788153e-06,
      3.6356751850847103e-09,
      3.6356751850847103e-09,
      3.6356751850847103e-09,
      7.012893553858507e-10,
      7.012893553858507e-10,
      7.012893553858507e-10,
      -6.493139912811401e-12,
      1.162415419551634e-11,
      5.782611748740421e-11,
      0.00015096393091415275,
      -2.2709869449323766e-12
    ],
    [
      -2.8490126530159204e-12,
      1.2781565007943131e-08,
      -3.0907873439204684e-11,
      -3.0907873439204684e-11,
      -3.0907873439204684e-11,
      -5.1506181326896506e-12,
      -5.1506181326896506e-12,
      -5.1506181326896506e-12,
      5.447311848603367e-14,
      -9.833921139309142e-14,
      -4.2551183139979564e-13,
      -2.2709869449323766e-12,
      5.495311985299299e-13
    ]
  ],
  "theory_cov_conservative": [
    [
      1.0631625866613265e-08,
      -2.701929026886035e-05,
      3.5201415929716084e-08,
      3.5201415929716084e-08,
      3.5201415929716084e-08,
      8.179787050329406e-10,
      8.179787050329406e-10,
      8.179787050329406e-10,
      -6.37162781454712e-11,
      1.1123616263796061e-10,
      7.131400463562752e-11,
      3.593502587764983e-10,
      -2.84901265301592e-12
    ],
    [
      -2.7019290268860346e-05,
      5.704912243976462,
      -0.0003195345857822586,
      -0.0003195345857822586,
      -0.0003195345857822586,
      -3.3633648736605034e-06,
      -3.3633648736605034e-06,
      -3.3633648736605034e-06,
      5.756439147929499e-07,
      -1.0076195555148023e-06,
      -3.1620777794488985e-07,
      -1.4694625687788155e-06,
      1.2781565007943131e-08
    ],
    [
      3.5201415929716084e-08,
      -0.0003195345857822586,
      2.022442677144457e-06,
      4.224426771444572e-07,
      4.224426771444572e-07,
      8.280667495151165e-09,
      8.280667495151165e-09,
      8.280667495151165e-09,
      -7.623458434123294e-10,
      1.3336885144118145e-09,
      7.3100880874502e-10,
      3.6356751850847103e-09,
      -3.0907873439204684e-11
    ],
    [
      3.5201415929716084e-08,
      -0.0003195345857822586,
      4.224426771444572e-07,
      2.022442677144457e-06,
      4.224426771444572e-07,
      8.280667495151165e-09,
      8.280667495151165e-09,
      8.280667495151165e-09,
      -7.623458434123294e-10,
      1.3336885144118145e-09,
      7.3100880874502e-10,
      3.6356751850847103e-09,
      -3.0907873439204684e-11
    ],
    [
      3.5201415929716084e-08,
      -0.0003195345857822586,
      4.224426771444572e-07,
      4.224426771444572e-07,
      2.022442677144457e-06,
      8.280667495151165e-09,
      8.280667495151165e-09,
      8.280667495151165e-09,
      -7.623458434123294e-10,
      1.3336885144118145e-09,
      7.3100880874502e-10,
      3.6356751850847103e-09,
      -3.0907873439204684e-11
    ],
    [
      8.179787050329406e-10,
      -3.3633648736605034e-06,
      8.280667495151165e-09,
      8.280667495151165e-09,
      8.280667495151165e-09,
      4.227826507335898e-08,
      1.5904609004198889e-09,
      1.5904609004198889e-09,
      -1.4771749875906717e-11,
      2.646715446868225e-11,
      1.311550918238648e-10,
      7.012893553858507e-10,
      -5.150618132689651e-12
    ],
    [
      8.179787050329406e-10,
      -3.3633648736605034e-06,
      8.280667495151165e-09,
      8.280667495151165e-09,
      8.280667495151165e-09,
      1.5904609004198889e-09,
      4.227826507335898e-08,
      1.5904609004198889e-09,
      -1.4771749875906717e-11,
      2.646715446868225e-11,
      1.311550918238648e-10,
      7.012893553858507e-10,
      -5.150618132689651e-12
    ],
    [
      8.179787050329406e-10,
      -3.3633648736605034e-06,
      8.280667495151165e-09,
      8.280667495151165e-09,
      8.280667495151165e-09,
      1.5904609004198889e-09,
      1.5904609004198889e-09,
      4.227826507335898e-08,
      -1.4771749875906717e-11,
      2.646715446868225e-11,
      1.311550918238648e-10,
      7.012893553858507e-10,
      -5.150618132689651e-12
    ],
    [
      -6.37162781454712e-11,
      5.7564391479295e-07,
      -7.623458434123294e-10,
      -7.623458434123294e-10,
      -7.623458434123294e-10,
      -1.4771749875906717e-11,
      -1.4771749875906717e-11,
      -1.4771749875906717e-11,
      2.337424387349529e-09,
      -2.424732810993712e-12,
      -1.2882978816594068e-12,
      -6.4931399128114e-12,
      5.447311848603367e-14
    ],
    [
      1.112361626379606e-10,
      -1.0076195555148023e-06,
      1.3336885144118145e-09,
      1.3336885144118145e-09,
      1.3336885144118145e-09,
      2.6467154468682246e-11,
      2.6467154468682246e-11,
      2.6467154468682246e-11,
      -2.424732810993713e-12,
      2.900421729349603e-08,
      2.3281628373860523e-12,
      1.162415419551634e-11,
      -9.833921139309143e-14
    ],
    [
      7.131400463562752e-11,
      -3.1620777794488985e-07,
      7.310088087450201e-10,
      7.310088087450201e-10,
      7.310088087450201e-10,
      1.3115509182386476e-10,
      1.3115509182386476e-10,
      1.3115509182386476e-10,
      -1.2882978816594068e-12,
      2.3281628373860523e-12,
      1.5999718774468616e-06,
      5.782611748740422e-11,
      -4.2551183139979564e-13
    ],
    [
      3.593502587764983e-10,
      -1.4694625687788153e-06,
      3.6356751850847103e-09,
      3.6356751850847103e-09,
      3.6356751850847103e-09,
      7.012893553858507e-10,
      7.012893553858507e-10,
      7.012893553858507e-10,
      -6.493139912811401e-12,
      1.162415419551634e-11,
      5.782611748740421e-11,
      8.142332892754773e-07,
      -2.2709869449323766e-12
    ],
    [
      -2.8490126530159204e-12,
      1.2781565007943131e-08,
      -3.0907873439204684e-11,
      -3.0907873439204684e-11,
      -3.0907873439204684e-11,
      -5.1506181326896506e-12,
      -5.1506181326896506e-12,
      -5.1506181326896506e-12,
      5.447311848603367e-14,
      -9.833921139309142e-14,
      -4.2551183139979564e-13,
      -2.2709869449323766e-12,
      1.5014519852992984e-13
    ]
  ],
  "theory_cov_aggressive": [
    [
      3.2626258666132644e-09,
      -2.701929026886035e-05,
      3.5201415929716084e-08,
      3.5201415929716084e-08,
      3.5201415929716084e-08,
      8.179787050329406e-10,
      8.179787050329406e-10,
      8.179787050329406e-10,
      -6.37162781454712e-11,
      1.1123616263796061e-10,
      7.131400463562752e-11,
      3.593502587764983e-10,
      -2.84901265301592e-12
    ],
    [
      -2.7019290268860346e-05,
      0.3449122439764625,
      -0.0003195345857822586,
      -0.0003195345857822586,
      -0.0003195345857822586,
      -3.3633648736605034e-06,
      -3.3633648736605034e-06,
      -3.3633648736605034e-06,
      5.756439147929499e-07,
      -1.0076195555148023e-06,
      -3.1620777794488985e-07,
      -1.4694625687788155e-06,
      1.2781565007943131e-08
    ],
    [
      3.5201415929716084e-08,
      -0.0003195345857822586,
      4.624426771444572e-07,
      4.224426771444572e-07,
      4.224426771444572e-07,
      8.280667495151165e-09,
      8.280667495151165e-09,
      8.280667495151165e-09,
      -7.623458434123294e-10,
      1.3336885144118145e-09,
      7.3100880874502e-10,
      3.6356751850847103e-09,
      -3.0907873439204684e-11
    ],
    [
      3.5201415929716084e-08,
      -0.0003195345857822586,
      4.224426771444572e-07,
      4.624426771444572e-07,
      4.224426771444572e-07,
      8.280667495151165e-09,
      8.280667495151165e-09,
      8.280667495151165e-09,
      -7.623458434123294e-10,
      1.3336885144118145e-09,
      7.3100880874502e-10,
      3.6356751850847103e-09,
      -3.0907873439204684e-11
    ],
    [
      3.5201415929716084e-08,
      -0.0003195345857822586,
      4.224426771444572e-07,
      4.224426771444572e-07,
      4.624426771444572e-07,
      8.280667495151165e-09,
      8.280667495151165e-09,
      8.280667495151165e-09,
      -7.623458434123294e-10,
      1.3336885144118145e-09,
      7.3100880874502e-10,
      3.6356751850847103e-09,
      -3.0907873439204684e-11
    ],
    [
      8.179787050329406e-10,
      -3.3633648736605034e-06,
      8.280667495151165e-09,
      8.280667495151165e-09,
      8.280667495151165e-09,
      1.6119307221946633e-09,
      1.5904609004198889e-09,
      1.5904609004198889e-09,
      -1.4771749875906717e-11,
      2.646715446868225e-11,
      1.311550918238648e-10,
      7.012893553858507e-10,
      -5.150618132689651e-12
    ],
    [
      8.179787050329406e-10,
      -3.3633648736605034e-06,
      8.280667495151165e-09,
      8.280667495151165e-09,
      8.280667495151165e-09,
      1.5904609004198889e-09,
      1.6119307221946633e-09,
      1.5904609004198889e-09,
      -1.4771749875906717e-11,
      2.646715446868225e-11,
      1.311550918238648e-10,
      7.012893553858507e-10,
      -5.150618132689651e-12
    ],
    [
      8.179787050329406e-10,
      -3.3633648736605034e-06,
      8.280667495151165e-09,
      8.280667495151165e-09,
      8.280667495151165e-09,
      1.5904609004198889e-09,
      1.5904609004198889e-09,
      1.6119307221946633e-09,
      -1.4771749875906717e-11,
      2.646715446868225e-11,
      1.311550918238648e-10,
      7.012893553858507e-10,
      -5.150618132689651e-12
    ],
    [
      -6.37162781454712e-11,
      5.7564391479295e-07,
      -7.623458434123294e-10,
      -7.623458434123294e-10,
      -7.623458434123294e-10,
      -1.4771749875906717e-11,
      -1.4771749875906717e-11,
      -1.4771749875906717e-11,
      9.467438734952901e-11,
      -2.424732810993712e-12,
      -1.2882978816594068e-12,
      -6.4931399128114e-12,
      5.447311848603367e-14
    ],
    [
      1.112361626379606e-10,
      -1.0076195555148023e-06,
      1.3336885144118145e-09,
      1.3336885144118145e-09,
      1.3336885144118145e-09,
      2.6467154468682246e-11,
      2.6467154468682246e-11,
      2.6467154468682246e-11,
      -2.424732810993713e-12,
      1.164217293496025e-09,
      2.3281628373860523e-12,
      1.162415419551634e-11,
      -9.833921139309143e-14
    ],
    [
      7.131400463562752e-11,
      -3.1620777794488985e-07,
      7.310088087450201e-10,
      7.310088087450201e-10,
      7.310088087450201e-10,
      1.3115509182386476e-10,
      1.3115509182386476e-10,
      1.3115509182386476e-10,
      -1.2882978816594068e-12,
      2.3281628373860523e-12,
      6.514819046906097e-10,
      5.782611748740422e-11,
      -4.2551183139979564e-13
    ],
    [
      3.593502587764983e-10,
      -1.4694625687788153e-06,
      3.6356751850847103e-09,
      3.6356751850847103e-09,
      3.6356751850847103e-09,
      7.012893553858507e-10,
      7.012893553858507e-10,
      7.012893553858507e-10,
      -6.493139912811401e-12,
      1.162415419551634e-11,
      5.782611748740421e-11,
      6.73403850755499e-10,
      -2.2709869449323766e-12
    ],
    [
      -2.8490126530159204e-12,
      1.2781565007943131e-08,
      -3.0907873439204684e-11,
      -3.0907873439204684e-11,
      -3.0907873439204684e-11,
      -5.1506181326896506e-12,
      -5.1506181326896506e-12,
      -5.1506181326896506e-12,
      5.447311848603367e-14,
      -9.833921139309142e-14,
      -4.2551183139979564e-13,
      -2.2709869449323766e-12,
      3.831769852992985e-14
    ]
  ],
  "LO": {
    "SM": [
      2.4432730333979467,
      42026.08668423931,
      20.1914002756264,
      20.1914002756264,
      20.1914002756264,
      0.21194344299045711,
      0.21194344299045711,
      0.21194344299045711,
      0.21936035975448379,
      0.17095946036827442,
      0.9406922368973517,
      0.695605678155384,
      0.007569782423487665
    ],
    "O3pQ3": [
      0.10272075249349688,
      -985.2805521929308,
      1.2244074694109435,
      1.2244074694109435,
      1.2244074694109435,
      0.0,
      0.0,
      0.0,
      0.047338024772292785,
      -0.010366989777031965,
      0.01639505683093834,
      0.0,
      0.0
    ],
    "O3pl1": [
      -0.11687386409721552,
      4502.739571486719,
      -2.679799698935606,
      0.0,
      0.0,
      0.10459075127977388,
      0.0,
      0.0,
      0.0,
      0.0,
      0.0,
      0.0,
      -0.000458911371045687
    ],
    "O3pl2": [
      -0.11687386409721552,
      -1074.956522221688,
      0.0,
      -2.679799698935606,
      0.0,
      0.0,
      0.10459075127977388,
      0.0,
      0.0,
      0.0,
      0.0,
      0.0,
      -0.000458911371045687
    ],
    "O3pl3": [
      0.031247404767340465,
      -1074.956522221688,
      0.0,
      0.0,
      -2.6797996989356023,
      0.0,
      0.0,
      0.10459075127977388,
      0.0,
      0.0,
      0.0,
      0.0,
      0.0
    ],
    "O3pq": [
      0.20544150498699376,
      -1970.5611043858617,
      2.448814938821887,
      2.448814938821887,
      2.448814938821887,
      0.0,
      0.0,
      0.0,
      -0.026604045218228855,
      -0.02073397955406393,
      0.0,
      0.0,
      0.0
    ],
    "Oll1221": [
      0.14812126886455607,
      0.0,
      0.0,
      0.0,
      0.0,
      0.0,
      0.0,
      0.0,
      0.0,
      0.0,
      0.0,
      0.0,
      0.0004589113710456871
    ],
    "OpD": [
      -0.010817002903054993,
      107.65486104396942,
      0.29090363045252493,
      0.29090363045252493,
      0.29090363045252554,
      0.18200009124326344,
      0.18200009124326344,
      0.18200009124326344,
      -0.0010608558923583355,
      0.0015912838385375029,
      0.014264654391799532,
      0.07751805353608521,
      -0.0007985592452574534
    ],
    "OpQM": [
      0.05136037624674844,
      -492.6402760964654,
      0.6122037347054717,
      0.6122037347054717,
      0.6122037347054717,
      0.0,
      0.0,
      0.0,
      0.023669012386146392,
      -0.0051834948885159824,
      0.00819752841546917,
      0.0,
      0.0
    ],
    "OpWB": [
      0.0678020204902659,
      115.41426255712884,
      0.31187098899469473,
      0.31187098899469473,
      0.31187098899469473,
      0.1951180477358274,
      0.1951180477358274,
      0.1951180477358274,
      -0.0011373188289743163,
      0.0017059782434614744,
      0.015292802863675717,
      0.0831052949859559,
      -0.0017122334375950195
    ],
    "Opdi": [
      -0.02693561457442644,
      258.3619819493385,
      -0.3210662585458567,
      -0.3210662585458567,
      -0.3210662585458567,
      0.0,
      0.0,
      0.0,
      -0.0018123000734367085,
      0.0027184501101550624,
      0.0468927273831332,
      0.0,
      0.0
    ],
    "Ope": [
      -0.00897853819147548,
      -4188.844597695306,
      2.1609257804323794,
      0.0,
      0.0,
      0.12970471560337662,
      0.0,
      0.0,
      0.0,
      0.0,
      0.0,
      0.0,
      0.0
    ],
    "Opl1": [
      -0.00897853819147548,
      5886.570967023483,
      -2.679799698935606,
      0.0,
      0.0,
      0.10459075127977388,
      0.0,
      0.0,
      0.0,
      0.0,
      0.0,
      0.0,
      0.0
    ],
    "Opl2": [
      -0.00897853819147548,
      308.8748733152071,
      0.0,
      -2.679799698935606,
      0.0,
      0.0,
      0.10459075127977388,
      0.0,
      0.0,
      0.0,
      0.0,
      0.0,
      0.0
    ],
    "Opl3": [
      -0.00897853819147548,
      308.8748733152071,
      0.0,
      0.0,
      -2.6797996989356023,
      0.0,
      0.0,
      0.10459075127977388,
      0.0,
      0.0,
      0.0,
      0.0,
      0.0
    ],
    "Opmu": [
      -0.00897853819147548,
      308.8748733152071,
      0.0,
      2.1609257804323794,
      0.0,
      0.0,
      0.12970471560337662,
      0.0,
      0.0,
      0.0,
      0.0,
      0.0,
      0.0
    ],
    "OpqMi": [
      0.017957076382950958,
      -172.24132129955896,
      0.21404417236390438,
      0.21404417236390438,
      0.21404417236390438,
      0.0,
      0.0,
      0.0,
      -0.002325386353207753,
      -0.026831944160891987,
      0.0,
      -0.044547623035243865,
      0.0
    ],
    "Opta": [
      -0.00897853819147548,
      308.8748733152071,
      0.0,
      0.0,
      2.1609257804323936,
      0.0,
      0.0,
      0.12970471560337662,
      0.0,
      0.0,
      0.0,
      0.0,
      0.0
    ],
    "Opui": [
      0.03591415276590192,
      -344.4826425991179,
      0.42808834472780877,
      0.42808834472780877,
      0.42808834472780877,
      0.0,
      0.0,
      0.0,
      -0.004650772706415506,
      0.006976159059623258,
      0.0,
      -0.10514017454531696,
      0.0
    ],
    "O3pQ3*O3pQ3": [
      0.007315986749192696,
      -61.610197101526865,
      0.08720485982022112,
      0.08720485982022112,
      0.08720485982022112,
      0.0,
      0.0,
      0.0,
      0.0005009330279867738,
      -0.00010970393473527806,
      -0.003364564482724569,
      0.0,
      0.0
    ],
    "O3pQ3*Oll1221": [
      0.003113677429840608,
      29.865881459720185,
      -0.03711431049606522,
      -0.03711431049606522,
      -0.03711431049606522,
      0.0,
      0.0,
      0.0,
      -0.0014349129628509582,
      0.0003142447976729564,
      -0.0004969679171565515,
      0.0,
      0.0
    ],
    "O3pQ3*OpD": [
      0.0003375075900548548,
      -31.74566808927109,
      0.016695752803653312,
      0.016695752803653312,
      0.016695752803653312,
      0.0,
      0.0,
      0.0,
      2.7808030570835094e-05,
      -8.84971681120637e-05,
      -0.003876686049625082,
      0.0,
      0.0
    ],
    "O3pQ3*OpQM": [
      0.007315986749192696,
      -61.610197101526865,
      0.08720485982022112,
      0.08720485982022112,
      0.08720485982022112,
      0.0,
      0.0,
      0.0,
      0.0005009330279867738,
      -0.00010970393473527806,
      -0.003364564482724569,
      0.0,
      0.0
    ],
    "O3pQ3*OpWB": [
      0.002030884436581361,
      -18.02453238937308,
      -0.0019955660929452416,
      -0.0019955660929452416,
      -0.0019955660929452416,
      0.0,
      0.0,
      0.0,
      -0.0007393559994150626,
      7.357150731573436e-05,
      -0.0044224984343727266,
      0.0,
      0.0
    ],
    "O3pQ3*Opdi": [
      0.0,
      -4.491094698121431,
      0.0,
      0.0,
      0.0,
      0.0,
      0.0,
      0.0,
      0.0008626264652058969,
      -0.00032969388696758314,
      -0.012566888514502718,
      0.0,
      0.0
    ],
    "O3pQ3*Ope": [
      0.0,
      85.21956165138968,
      0.13103864171312396,
      0.0,
      0.0,
      0.0,
      0.0,
      0.0,
      0.0,
      0.0,
      0.0,
      0.0,
      0.0
    ],
    "O3pQ3*Opl1": [
      0.0,
      -150.99350966706763,
      -0.1625031807161358,
      0.0,
      0.0,
      0.0,
      0.0,
      0.0,
      0.0,
      0.0,
      0.0,
      0.0,
      0.0
    ],
    "O3pQ3*Opl2": [
      0.0,
      -20.227218518803756,
      0.0,
      -0.1625031807161358,
      0.0,
      0.0,
      0.0,
      0.0,
      0.0,
      0.0,
      0.0,
      0.0,
      0.0
    ],
    "O3pQ3*Opl3": [
      0.0,
      -20.227218518803756,
      0.0,
      0.0,
      -0.1625031807161358,
      0.0,
      0.0,
      0.0,
      0.0,
      0.0,
      0.0,
      0.0,
      0.0
    ],
    "O3pQ3*Opmu": [
      0.0,
      -20.227218518803756,
      0.0,
      0.13103864171312396,
      0.0,
      0.0,
      0.0,
      0.0,
      0.0,
      0.0,
      0.0,
      0.0,
      0.0
    ],
    "O3pQ3*OpqMi": [
      0.0,
      2.994063132081125,
      0.0,
      0.0,
      0.0,
      0.0,
      0.0,
      0.0,
      -0.00036080746328365074,
      0.00173698832757429,
      0.0,
      0.0,
      0.0
    ],
    "O3pQ3*Opta": [
      0.0,
      -20.227218518803756,
      0.0,
      0.0,
      0.13103864171312396,
      0.0,
      0.0,
      0.0,
      0.0,
      0.0,
      0.0,
      0.0,
      0.0
    ],
    "O3pQ3*Opui": [
      0.0,
      5.98812626416225,
      0.0,
      0.0,
      0.0,
      0.0,
      0.0,
      0.0,
      -0.0007216149265673015,
      -0.0002032386912707314,
      0.0,
      0.0,
      0.0
    ],
    "O3pl1*O3pQ3": [
      -0.003113677429840608,
      -90.23673953241017,
      -0.1253888702200704,
      0.03711431049606522,
      0.03711431049606522,
      0.0,
      0.0,
      0.0,
      0.0014349129628509582,
      -0.0003142447976729564,
      0.0004969679171565515,
      0.0,
      0.0
    ],
    "O3pl1*O3pl1": [
      0.002517088234995049,
      277.9007197208817,
      0.12770002805796457,
      0.0,
      0.0,
      -0.004984044844222616,
      0.0,
      0.0,
      0.0,
      0.0,
      0.0,
      0.0,
      6.955274098155708e-06
    ],
    "O3pl1*O3pl2": [
      0.002595514220259199,
      2.478452835540513,
      -0.08123024448830525,
      -0.08123024448830525,
      0.0,
      0.0031703609419189357,
      0.0031703609419189357,
      0.0,
      0.0,
      0.0,
      0.0,
      0.0,
      1.3910548196311417e-05
    ],
    "O3pl1*O3pl3": [
      -0.0009471731524875795,
      -134.008851198535,
      0.0,
      0.0,
      -0.08123024448830526,
      0.0,
      0.0,
      0.0031703609419189357,
      0.0,
      0.0,
      0.0,
      0.0,
      0.0
    ],
    "O3pl1*O3pq": [
      -0.006227354859681216,
      -180.47347906482034,
      -0.2507777404401408,
      0.07422862099213044,
      0.07422862099213044,
      0.0,
      0.0,
      0.0,
      -0.0008064233675050464,
      -0.0006284895953459128,
      0.0,
      0.0,
      0.0
    ],
    "O3pl1*Oll1221": [
      -0.003542687372746779,
      -136.48730403406717,
      0.08123024448830525,
      0.0,
      0.0,
      -0.0031703609419189357,
      0.0,
      0.0,
      0.0,
      0.0,
      0.0,
      0.0,
      -1.3910548196311417e-05
    ],
    "O3pl1*OpD": [
      0.0008014721979918873,
      441.4183893047857,
      -0.24487447170056437,
      0.008817887782277153,
      0.008817887782277153,
      -0.010243659431005601,
      0.0055167973615551265,
      0.0055167973615551265,
      -3.215672557070379e-05,
      4.823508835605568e-05,
      0.00043239103439234267,
      0.0023497317517778608,
      2.4205974333239994e-05
    ],
    "O3pl1*OpQM": [
      -0.001556838714920304,
      -45.118369766205085,
      -0.0626944351100352,
      0.01855715524803261,
      0.01855715524803261,
      0.0,
      0.0,
      0.0,
      0.0007174564814254791,
      -0.0001571223988364782,
      0.00024848395857827576,
      0.0,
      0.0
    ],
    "O3pl1*OpWB": [
      -0.0010397765741485263,
      400.07192142882343,
      -0.21898167866550056,
      0.009453451575097511,
      0.009453451575097511,
      -0.012681423030535084,
      0.0059144296224667,
      0.0059144296224667,
      -3.4474474556972036e-05,
      5.171171183545806e-05,
      0.0004635563307292114,
      0.00251909253988768,
      5.190131964420266e-05
    ],
    "O3pl1*Opdi": [
      0.0008164739171336093,
      23.66203495882372,
      0.03287968787401953,
      -0.00973217912106799,
      -0.00973217912106799,
      0.0,
      0.0,
      0.0,
      -5.4934545335573695e-05,
      8.240181800336055e-05,
      0.0014214150824661655,
      0.0,
      0.0
    ],
    "O3pl1*Ope": [
      0.0002721579723778697,
      17.21466773937795,
      -0.5080934005971858,
      0.0,
      0.0,
      -0.002089253644863824,
      0.0,
      0.0,
      0.0,
      0.0,
      0.0,
      0.0,
      0.0
    ],
    "O3pl1*Opl1": [
      0.00027215797237786966,
      675.7222548911509,
      0.33663030060420873,
      0.0,
      0.0,
      -0.013138450630364212,
      0.0,
      0.0,
      0.0,
      0.0,
      0.0,
      0.0,
      0.0
    ],
    "O3pl1*Opl2": [
      0.00027215797237786966,
      38.50571263247236,
      0.0,
      -0.08123024448830526,
      0.0,
      0.0,
      0.0031703609419189357,
      0.0,
      0.0,
      0.0,
      0.0,
      0.0,
      0.0
    ],
    "O3pl1*Opl3": [
      0.00027215797237786966,
      38.50571263247236,
      0.0,
      0.0,
      -0.08123024448830526,
      0.0,
      0.0,
      0.0031703609419189357,
      0.0,
      0.0,
      0.0,
      0.0,
      0.0
    ],
    "O3pl1*Opmu": [
      0.0002721579723778697,
      38.50571263247236,
      0.0,
      0.06550210806252589,
      0.0,
      0.0,
      0.003931616890595661,
      0.0,
      0.0,
      0.0,
      0.0,
      0.0,
      0.0
    ],
    "O3pl1*OpqMi": [
      -0.0005443159447557394,
      -15.77468997254898,
      -0.021919791916013037,
      0.006488119414045326,
      0.006488119414045326,
      0.0,
      0.0,
      0.0,
      -7.048724651915603e-05,
      -0.000813331453523007,
      0.0,
      -0.0013503301429442678,
      0.0
    ],
    "O3pl1*Opta": [
      0.0002721579723778697,
      38.50571263247236,
      0.0,
      0.0,
      0.06550210806252589,
      0.0,
      0.0,
      0.003931616890595661,
      0.0,
      0.0,
      0.0,
      0.0,
      0.0
    ],
    "O3pl1*Opui": [
      -0.0010886318895114789,
      -31.54937994509796,
      -0.043839583832026074,
      0.012976238828090653,
      0.012976238828090653,
      0.0,
      0.0,
      0.0,
      -0.00014097449303831206,
      0.00021146173955746814,
      0.0,
      -0.0031870150919307274,
      0.0
    ],
    "O3pl2*O3pQ3": [
      -0.003113677429840608,
      40.52955161585545,
      0.03711431049606522,
      -0.1253888702200704,
      0.03711431049606522,
      0.0,
      0.0,
      0.0,
      0.0014349129628509582,
      -0.0003142447976729564,
      0.0004969679171565515,
      0.0,
      0.0
    ],
    "O3pl2*O3pl2": [
      0.002517088234995049,
      -53.909239363521294,
      0.0,
      0.12770002805796457,
      0.0,
      0.0,
      -0.004984044844222616,
      0.0,
      0.0,
      0.0,
      0.0,
      0.0,
      6.955274098155708e-06
    ],
    "O3pl2*O3pl3": [
      -0.0009471731524875795,
      8.65922160945336,
      0.0,
      0.0,
      -0.08123024448830526,
      0.0,
      0.0,
      0.0031703609419189357,
      0.0,
      0.0,
      0.0,
      0.0,
      0.0
    ],
    "O3pl2*O3pq": [
      -0.006227354859681216,
      81.0591032317109,
      0.07422862099213044,
      -0.2507777404401408,
      0.07422862099213044,
      0.0,
      0.0,
      0.0,
      -0.0008064233675050464,
      -0.0006284895953459128,
      0.0,
      0.0,
      0.0
    ],
    "O3pl2*Oll1221": [
      -0.003542687372746779,
      32.58414468403901,
      0.0,
      0.08123024448830525,
      0.0,
      0.0,
      -0.0031703609419189357,
      0.0,
      0.0,
      0.0,
      0.0,
      0.0,
      -1.3910548196311417e-05
    ],
    "O3pl2*OpD": [
      0.0008014721979918873,
      -20.541573076240073,
      0.008817887782277153,
      -0.24487447170056437,
      0.008817887782277153,
      0.0055167973615551265,
      -0.010243659431005601,
      0.0055167973615551265,
      -3.215672557070379e-05,
      4.823508835605568e-05,
      0.00043239103439234267,
      0.0023497317517778608,
      2.4205974333239994e-05
    ],
    "O3pl2*OpQM": [
      -0.001556838714920304,
      20.264775807927727,
      0.01855715524803261,
      -0.0626944351100352,
      0.01855715524803261,
      0.0,
      0.0,
      0.0,
      0.0007174564814254791,
      -0.0001571223988364782,
      0.00024848395857827576,
      0.0,
      0.0
    ],
    "O3pl2*OpWB": [
      -0.0010397765741485263,
      -4.55579050235362,
      0.009453451575097511,
      -0.21898167866550056,
      0.009453451575097511,
      0.0059144296224667,
      -0.012681423030535084,
      0.0059144296224667,
      -3.4474474556972036e-05,
      5.171171183545806e-05,
      0.0004635563307292114,
      0.00251909253988768,
      5.190131964420266e-05
    ],
    "O3pl2*Opdi": [
      0.0008164739171336093,
      -10.627729594058282,
      -0.00973217912106799,
      0.03287968787401953,
      -0.00973217912106799,
      0.0,
      0.0,
      0.0,
      -5.4934545335573695e-05,
      8.240181800336055e-05,
      0.0014214150824661655,
      0.0,
      0.0
    ],
    "O3pl2*Ope": [
      0.0002721579723778697,
      -23.779160386457207,
      0.06550210806252589,
      0.0,
      0.0,
      0.003931616890595661,
      0.0,
      0.0,
      0.0,
      0.0,
      0.0,
      0.0,
      0.0
    ],
    "O3pl2*Opl1": [
      0.00027215797237786966,
      23.915260416757686,
      -0.08123024448830526,
      0.0,
      0.0,
      0.0031703609419189357,
      0.0,
      0.0,
      0.0,
      0.0,
      0.0,
      0.0,
      0.0
    ],
    "O3pl2*Opl2": [
      0.00027215797237786966,
      -2.488115493384716,
      0.0,
      0.33663030060420873,
      0.0,
      0.0,
      -0.013138450630364212,
      0.0,
      0.0,
      0.0,
      0.0,
      0.0,
      0.0
    ],
    "O3pl2*Opl3": [
      0.00027215797237786966,
      -2.488115493384716,
      0.0,
      0.0,
      -0.08123024448830526,
      0.0,
      0.0,
      0.0031703609419189357,
      0.0,
      0.0,
      0.0,
      0.0,
      0.0
    ],
    "O3pl2*Opmu": [
      0.0002721579723778697,
      -2.488115493384716,
      0.0,
      -0.5080934005971858,
      0.0,
      0.0,
      -0.002089253644863824,
      0.0,
      0.0,
      0.0,
      0.0,
      0.0,
      0.0
    ],
    "O3pl2*OpqMi": [
      -0.0005443159447557394,
      7.085153062704982,
      0.006488119414045326,
      -0.021919791916013037,
      0.006488119414045326,
      0.0,
      0.0,
      0.0,
      -7.048724651915603e-05,
      -0.000813331453523007,
      0.0,
      -0.0013503301429442678,
      0.0
    ],
    "O3pl2*Opta": [
      0.0002721579723778697,
      -2.488115493384716,
      0.0,
      0.0,
      0.06550210806252589,
      0.0,
      0.0,
      0.003931616890595661,
      0.0,
      0.0,
      0.0,
      0.0,
      0.0
    ],
    "O3pl2*Opui": [
      -0.0010886318895114789,
      14.170306125409963,
      0.012976238828090653,
      -0.043839583832026074,
      0.012976238828090653,
      0.0,
      0.0,
      0.0,
      -0.00014097449303831206,
      0.00021146173955746814,
      0.0,
      -0.0031870150919307274,
      0.0
    ],
    "O3pl3*O3pQ3": [
      0.0,
      70.3954330755753,
      0.0,
      0.0,
      -0.1625031807161358,
      0.0,
      0.0,
      0.0,
      0.0,
      0.0,
      0.0,
      0.0,
      0.0
    ],
    "O3pl3*O3pl3": [
      0.001219331124865449,
      -21.32509467947803,
      0.0,
      0.0,
      0.20893027254625693,
      0.0,
      0.0,
      -0.008154405786141577,
      0.0,
      0.0,
      0.0,
      0.0,
      0.0
    ],
    "O3pl3*O3pq": [
      0.0,
      140.7908661511506,
      0.0,
      0.0,
      -0.3250063614322716,
      0.0,
      0.0,
      0.0,
      0.0,
      0.0,
      0.0,
      0.0,
      0.0
    ],
    "O3pl3*Oll1221": [
      0.0009471731524875795,
      32.58414468403901,
      0.0,
      0.0,
      0.08123024448830526,
      0.0,
      0.0,
      -0.0031703609419189357,
      0.0,
      0.0,
      0.0,
      0.0,
      0.0
    ],
    "O3pl3*OpD": [
      0.00047358657624378973,
      -23.80481349172298,
      0.0,
      0.0,
      -0.25369235948284047,
      0.0,
      0.0,
      -0.0157604567925606,
      0.0,
      0.0,
      0.0,
      0.0,
      0.0
    ],
    "O3pl3*OpQM": [
      0.0,
      35.19771653778765,
      0.0,
      0.0,
      -0.08125159035806788,
      0.0,
      0.0,
      0.0,
      0.0,
      0.0,
      0.0,
      0.0,
      0.0
    ],
    "O3pl3*OpWB": [
      0.0010154422182906805,
      -8.054234348239403,
      0.0,
      0.0,
      -0.22843513024060133,
      0.0,
      0.0,
      -0.01859585265300066,
      0.0,
      0.0,
      0.0,
      0.0,
      0.0
    ],
    "O3pl3*Opdi": [
      0.0,
      -18.45921303237554,
      0.0,
      0.0,
      0.04261186699508759,
      0.0,
      0.0,
      0.0,
      0.0,
      0.0,
      0.0,
      0.0,
      0.0
    ],
    "O3pl3*Ope": [
      0.0,
      103.19334092750344,
      0.0,
      0.0,
      0.0,
      0.0,
      0.0,
      0.0,
      0.0,
      0.0,
      0.0,
      0.0,
      0.0
    ],
    "O3pl3*Opl1": [
      0.0,
      -154.5188214435499,
      0.0,
      0.0,
      0.0,
      0.0,
      0.0,
      0.0,
      0.0,
      0.0,
      0.0,
      0.0,
      0.0
    ],
    "O3pl3*Opl2": [
      0.0,
      -11.850748635554094,
      0.0,
      0.0,
      0.0,
      0.0,
      0.0,
      0.0,
      0.0,
      0.0,
      0.0,
      0.0,
      0.0
    ],
    "O3pl3*Opl3": [
      0.0,
      -11.850748635554094,
      0.0,
      0.0,
      0.41786054509251386,
      0.0,
      0.0,
      -0.016308811572283154,
      0.0,
      0.0,
      0.0,
      0.0,
      0.0
    ],
    "O3pl3*Opmu": [
      0.0,
      -11.850748635554094,
      0.0,
      0.0,
      0.0,
      0.0,
      0.0,
      0.0,
      0.0,
      0.0,
      0.0,
      0.0,
      0.0
    ],
    "O3pl3*OpqMi": [
      0.0,
      12.30614202158409,
      0.0,
      0.0,
      -0.02840791133005839,
      0.0,
      0.0,
      0.0,
      0.0,
      0.0,
      0.0,
      0.0,
      0.0
    ],
    "O3pl3*Opta": [
      0.0,
      -11.850748635554094,
      0.0,
      0.0,
      -0.5735955086597112,
      0.0,
      0.0,
      -0.0060208705354602024,
      0.0,
      0.0,
      0.0,
      0.0,
      0.0
    ],
    "O3pl3*Opui": [
      0.0,
      24.61228404316818,
      0.0,
      0.0,
      -0.05681582266011678,
      0.0,
      0.0,
      0.0,
      0.0,
      0.0,
      0.0,
      0.0,
      0.0
    ],
    "O3pq*O3pQ3": [
      0.0,
      34.25417494269183,
      0.0,
      0.0,
      0.0,
      0.0,
      0.0,
      0.0,
      -0.004127889567697626,
      0.002514619005127131,
      0.0,
      0.0,
      0.0
    ],
    "O3pq*O3pq": [
      0.014631973498385391,
      -106.09330673170672,
      0.17440971964044225,
      0.17440971964044225,
      0.17440971964044225,
      0.0,
      0.0,
      0.0,
      0.0013317454040542773,
      0.0010379016330930096,
      0.0,
      0.0,
      0.0
    ],
    "O3pq*Oll1221": [
      0.006227354859681216,
      59.73176291944037,
      -0.07422862099213044,
      -0.07422862099213044,
      -0.07422862099213044,
      0.0,
      0.0,
      0.0,
      0.0008064233675050464,
      0.0006284895953459128,
      0.0,
      0.0,
      0.0
    ],
    "O3pq*OpD": [
      0.0006750151801097096,
      -63.49133617854218,
      0.033391505607306624,
      0.033391505607306624,
      0.033391505607306624,
      0.0,
      0.0,
      0.0,
      0.00014918630565329412,
      -0.0001769943362241274,
      0.0,
      0.0,
      0.0
    ],
    "O3pq*OpQM": [
      0.0,
      17.127087471345916,
      0.0,
      0.0,
      0.0,
      0.0,
      0.0,
      0.0,
      -0.002063944783848813,
      0.0012573095025635655,
      0.0,
      0.0,
      0.0
    ],
    "O3pq*OpWB": [
      0.004061768873162722,
      -36.04906477874616,
      -0.003991132185890483,
      -0.003991132185890483,
      -0.003991132185890483,
      0.0,
      0.0,
      0.0,
      0.000592212984783593,
      0.00014714301463146872,
      0.0,
      0.0,
      0.0
    ],
    "O3pq*Opdi": [
      0.0,
      -8.982189396242863,
      0.0,
      0.0,
      0.0,
      0.0,
      0.0,
      0.0,
      -0.0002032386912707314,
      -0.0006593877739351663,
      0.0,
      0.0,
      0.0
    ],
    "O3pq*Ope": [
      0.0,
      170.43912330277936,
      0.2620772834262479,
      0.0,
      0.0,
      0.0,
      0.0,
      0.0,
      0.0,
      0.0,
      0.0,
      0.0,
      0.0
    ],
    "O3pq*Opl1": [
      0.0,
      -301.98701933413525,
      -0.3250063614322716,
      0.0,
      0.0,
      0.0,
      0.0,
      0.0,
      0.0,
