{
  "best_sm": [
    2.4957,
    20.758,
    20.758,
    20.758,
    0.151349485188,
    0.151349485188,
    0.151349485188,
    0.21586,
    0.17223,
    0.935142482695,
    0.668034427346
  ],
  "scales": [
    91.1876,
    91.1876,
    91.1876,
    91.1876,
    91.1876,
    91.1876,
    91.1876,
    91.1876,
    91.1876,
    91.1876,
    91.1876
  ],
  "theory_cov_current": [
    [
      3.99710544449e-07,
      2.21576429897e-06,
      2.21576429897e-06,
      2.21576429897e-06,
      4.76035261808e-08,
      4.76035261808e-08,
      4.76035261808e-08,
      -4.06990712083e-09,
      7.0835793773e-09,
      4.16296134934e-09,
      2.0878853052e-08
    ],
    [
      2.21576429897e-06,
      0.000206544611744,
      2.65446117439e-05,
      2.65446117439e-05,
      4.52848176875e-07,
      4.52848176875e-07,
      4.52848176875e-07,
      -4.86923331075e-08,
      8.48125075312e-08,
      4.03083734904e-08,
      1.98398628466e-07
    ],
    [
      2.21576429897e-06,
      2.65446117439e-05,
      0.000206544611744,
      2.65446117439e-05,
      4.52848176875e-07,
      4.52848176875e-07,
      4.52848176875e-07,
      -4.86923331075e-08,
      8.48125075312e-08,
      4.03083734904e-08,
      1.98398628466e-07
    ],
    [
      2.21576429897e-06,
      2.65446117439e-05,
      2.65446117439e-05,
      0.000206544611744,
      4.52848176875e-07,
      4.52848176875e-07,
      4.52848176875e-07,
      -4.86923331075e-08,
      8.48125075312e-08,
      4.03083734904e-08,
      1.98398628466e-07
    ],
    [
      4.76035261808e-08,
      4.52848176875e-07,
      4.52848176875e-07,
      4.52848176875e-07,
      7.54274336397e-06,
      6.90344400143e-08,
      6.90344400143e-08,
      -8.46639438621e-10,
      1.4653686558e-09,
      5.68636718065e-09,
      3.03893138423e-08
    ],
    [
      4.76035261808e-08,
      4.52848176875e-07,
      4.52848176875e-07,
      4.52848176875e-07,
      6.90344400143e-08,
      7.54274336397e-06,
      6.90344400143e-08,
      -8.46639438621e-10,
      1.4653686558e-09,
      5.68636718065e-09,
      3.03893138423e-08
    ],
    [
      4.76035261808e-08,
      4.52848176875e-07,
      4.52848176875e-07,
      4.52848176875e-07,
      6.90344400143e-08,
      6.90344400143e-08,
      7.54274336397e-06,
      -8.46639438621e-10,
      1.4653686558e-09,
      5.68636718065e-09,
      3.03893138423e-08
    ],
    [
      -4.06990712083e-09,
      -4.86923331075e-08,
      -4.86923331075e-08,
      -4.86923331075e-08,
      -8.46639438621e-10,
      -8.46639438621e-10,
      -8.46639438621e-10,
      2.03689794311e-07,
      -1.55756896949e-10,
      -7.50782721388e-11,
      -3.71032536034e-10
    ],
    [
      7.0835793773e-09,
      8.48125075312e-08,
      8.48125075312e-08,
      8.48125075312e-08,
      1.4653686558e-09,
      1.4653686558e-09,
      1.4653686558e-09,
      -1.55756896949e-10,
      3.16710548665e-08,
      1.30234897347e-10,
      6.42067030608e-10
    ],
    [
      4.16296134934e-09,
      4.03083734904e-08,
      4.03083734904e-08,
      4.03083734904e-08,
      5.68636718065e-09,
      5.68636718065e-09,
      5.68636718065e-09,
      -7.50782721388e-11,
      1.30234897347e-10,
      0.000297059500665,
      2.50302245326e-09
    ],
    [
      2.0878853052e-08,
      1.98398628466e-07,
      1.98398628466e-07,
      1.98398628466e-07,
      3.03893138423e-08,
      3.03893138423e-08,
      3.03893138423e-08,
      -3.71032536034e-10,
      6.42067030608e-10,
      2.50302245326e-09,
      0.00015097699927
    ]
  ],
  "theory_cov_conservative": [
    [
      1.94435544449e-07,
      2.21576429897e-06,
      2.21576429897e-06,
      2.21576429897e-06,
      4.76035261808e-08,
      4.76035261808e-08,
      4.76035261808e-08,
      -4.06990712083e-09,
      7.0835793773e-09,
      4.16296134934e-09,
      2.0878853052e-08
    ],
    [
      2.21576429897e-06,
      2.81446117439e-05,
      2.65446117439e-05,
      2.65446117439e-05,
      4.52848176875e-07,
      4.52848176875e-07,
      4.52848176875e-07,
      -4.86923331075e-08,
      8.48125075312e-08,
      4.03083734904e-08,
      1.98398628466e-07
    ],
    [
      2.21576429897e-06,
      2.65446117439e-05,
      2.81446117439e-05,
      2.65446117439e-05,
      4.52848176875e-07,
      4.52848176875e-07,
      4.52848176875e-07,
      -4.86923331075e-08,
      8.48125075312e-08,
      4.03083734904e-08,
      1.98398628466e-07
    ],
    [
      2.21576429897e-06,
      2.65446117439e-05,
      2.65446117439e-05,
      2.81446117439e-05,
      4.52848176875e-07,
      4.52848176875e-07,
      4.52848176875e-07,
      -4.86923331075e-08,
      8.48125075312e-08,
      4.03083734904e-08,
      1.98398628466e-07
    ],
    [
      4.76035261808e-08,
      4.52848176875e-07,
      4.52848176875e-07,
      4.52848176875e-07,
      1.09722244187e-07,
      6.90344400143e-08,
      6.90344400143e-08,
      -8.46639438621e-10,
      1.4653686558e-09,
      5.68636718065e-09,
      3.03893138423e-08
    ],
    [
      4.76035261808e-08,
      4.52848176875e-07,
      4.52848176875e-07,
      4.52848176875e-07,
      6.90344400143e-08,
      1.09722244187e-07,
      6.90344400143e-08,
      -8.46639438621e-10,
      1.4653686558e-09,
      5.68636718065e-09,
      3.03893138423e-08
    ],
    [
      4.76035261808e-08,
      4.52848176875e-07,
      4.52848176875e-07,
      4.52848176875e-07,
      6.90344400143e-08,
      6.90344400143e-08,
      1.09722244187e-07,
      -8.46639438621e-10,
      1.4653686558e-09,
      5.68636718065e-09,
      3.03893138423e-08
    ],
    [
      -4.06990712083e-09,
      -4.86923331075e-08,
      -4.86923331075e-08,
      -4.86923331075e-08,
      -8.46639438621e-10,
      -8.46639438621e-10,
      -8.46639438621e-10,
      2.42579431067e-09,
      -1.55756896949e-10,
      -7.50782721388e-11,
      -3.71032536034e-10
    ],
    [
      7.0835793773e-09,
      8.48125075312e-08,
      8.48125075312e-08,
      8.48125075312e-08,
      1.4653686558e-09,
      1.4653686558e-09,
      1.4653686558e-09,
      -1.55756896949e-10,
      2.92710548665e-08,
      1.30234897347e-10,
      6.42067030608e-10
    ],
    [
      4.16296134934e-09,
      4.03083734904e-08,
      4.03083734904e-08,
      4.03083734904e-08,
      5.68636718065e-09,
      5.68636718065e-09,
      5.68636718065e-09,
      -7.50782721388e-11,
      1.30234897347e-10,
      1.60042987575e-06,
      2.50302245326e-09
    ],
    [
      2.0878853052e-08,
      1.98398628466e-07,
      1.98398628466e-07,
      1.98398628466e-07,
      3.03893138423e-08,
      3.03893138423e-08,
      3.03893138423e-08,
      -3.71032536034e-10,
      6.42067030608e-10,
      2.50302245326e-09,
      8.27301645399e-07
    ]
  ],
  "theory_cov_aggressive": [
    [
      1.87066544449e-07,
      2.21576429897e-06,
      2.21576429897e-06,
      2.21576429897e-06,
      4.76035261808e-08,
      4.76035261808e-08,
      4.76035261808e-08,
      -4.06990712083e-09,
      7.0835793773e-09,
      4.16296134934e-09,
      2.0878853052e-08
    ],
    [
      2.21576429897e-06,
      2.65846117439e-05,
      2.65446117439e-05,
      2.65446117439e-05,
      4.52848176875e-07,
      4.52848176875e-07,
      4.52848176875e-07,
      -4.86923331075e-08,
      8.48125075312e-08,
      4.03083734904e-08,
      1.98398628466e-07
    ],
    [
      2.21576429897e-06,
      2.65446117439e-05,
      2.65846117439e-05,
      2.65446117439e-05,
      4.52848176875e-07,
      4.52848176875e-07,
      4.52848176875e-07,
      -4.86923331075e-08,
      8.48125075312e-08,
      4.03083734904e-08,
      1.98398628466e-07
    ],
    [
      2.21576429897e-06,
      2.65446117439e-05,
      2.65446117439e-05,
      2.65846117439e-05,
      4.52848176875e-07,
      4.52848176875e-07,
      4.52848176875e-07,
      -4.86923331075e-08,
      8.48125075312e-08,
      4.03083734904e-08,
      1.98398628466e-07
    ],
    [
      4.76035261808e-08,
      4.52848176875e-07,
      4.52848176875e-07,
      4.52848176875e-07,
      6.90559098361e-08,
      6.90344400143e-08,
      6.90344400143e-08,
      -8.46639438621e-10,
      1.4653686558e-09,
      5.68636718065e-09,
      3.03893138423e-08
    ],
    [
      4.76035261808e-08,
      4.52848176875e-07,
      4.52848176875e-07,
      4.52848176875e-07,
      6.90344400143e-08,
      6.90559098361e-08,
      6.90344400143e-08,
      -8.46639438621e-10,
      1.4653686558e-09,
      5.68636718065e-09,
      3.03893138423e-08
    ],
    [
      4.76035261808e-08,
      4.52848176875e-07,
      4.52848176875e-07,
      4.52848176875e-07,
      6.90344400143e-08,
      6.90344400143e-08,
      6.90559098361e-08,
      -8.46639438621e-10,
      1.4653686558e-09,
      5.68636718065e-09,
      3.03893138423e-08
    ],
    [
      -4.06990712083e-09,
      -4.86923331075e-08,
      -4.86923331075e-08,
      -4.86923331075e-08,
      -8.46639438621e-10,
      -8.46639438621e-10,
      -8.46639438621e-10,
      1.83044310672e-10,
      -1.55756896949e-10,
      -7.50782721388e-11,
      -3.71032536034e-10
    ],
    [
      7.0835793773e-09,
      8.48125075312e-08,
      8.48125075312e-08,
      8.48125075312e-08,
      1.4653686558e-09,
      1.4653686558e-09,
      1.4653686558e-09,
      -1.55756896949e-10,
      1.4310548665e-09,
      1.30234897347e-10,
      6.42067030608e-10
    ],
    [
      4.16296134934e-09,
      4.03083734904e-08,
      4.03083734904e-08,
      4.03083734904e-08,
      5.68636718065e-09,
      5.68636718065e-09,
      5.68636718065e-09,
      -7.50782721388e-11,
      1.30234897347e-10,
      1.10948021166e-09,
      2.50302245326e-09
    ],
    [
      2.0878853052e-08,
      1.98398628466e-07,
      1.98398628466e-07,
      1.98398628466e-07,
      3.03893138423e-08,
      3.03893138423e-08,
      3.03893138423e-08,
      -3.71032536034e-10,
      6.42067030608e-10,
      2.50302245326e-09,
      1.37417599744e-08
    ]
  ],
  "LO": {
    "SM": [
      2.44419837441,
      20.1956195819,
      20.1956195819,
      20.1956195819,
      0.21460216113,
      0.21460216113,
      0.21460216113,
      0.219344819669,
      0.170982770497,
      0.940900489505,
      0.696737362851
    ],
    "O3pQ3": [
      0.102748437995,
      1.22437798044,
      1.22437798044,
      1.22437798044,
      0.0,
      0.0,
      0.0,
      0.0473279370924,
      -0.010365987455,
      0.0163348379659,
      0.0
    ],
    "O3pl1": [
      -0.116916119328,
      -2.68290427321,
      0.0,
      0.0,
      0.10433684441,
      0.0,
      0.0,
      0.0,
      0.0,
      0.0,
      0.0
    ],
    "O3pl2": [
      -0.116916119328,
      0.0,
      -2.68290427321,
      0.0,
      0.0,
      0.10433684441,
      0.0,
      0.0,
      0.0,
      0.0,
      0.0
    ],
    "O3pl3": [
      0.031261247518,
      0.0,
      0.0,
      -2.68290427321,
      0.0,
      0.0,
      0.10433684441,
      0.0,
      0.0,
      0.0,
      0.0
    ],
    "O3pq": [
      0.20549687599,
      2.44875596088,
      2.44875596088,
      2.44875596088,
      0.0,
      0.0,
      0.0,
      -0.0265959621824,
      -0.0207319749099,
      0.0,
      0.0
    ],
    "Oll1221": [
      0.148177366846,
      0.0,
      0.0,
      0.0,
      0.0,
      0.0,
      0.0,
      0.0,
      0.0,
      0.0,
      0.0
    ],
    "OpD": [
      -0.0106735976569,
      0.286625061136,
      0.286625061136,
      0.286625061136,
      0.181919170588,
      0.181919170588,
      0.181919170588,
      -0.00106623709863,
      0.00159935564794,
      0.0142405120227,
      0.0773844715575
    ],
    "OpQM": [
      0.0513742189974,
      0.61218899022,
      0.61218899022,
      0.61218899022,
      0.0,
      0.0,
      0.0,
      0.0236639685462,
      -0.00518299372748,
      0.00816741898295,
      0.0
    ],
    "OpWB": [
      0.0679183610259,
      0.306979075186,
      0.306979075186,
      0.306979075186,
      0.194837738628,
      0.194837738628,
      0.194837738628,
      -0.00114195345365,
      0.00171293018047,
      0.0152517689611,
      0.0828797503552
    ],
    "Opdi": [
      -0.0268940863224,
      -0.320477155078,
      -0.320477155078,
      -0.320477155078,
      0.0,
      0.0,
      0.0,
      -0.00180884346839,
      0.00271326520258,
      0.0468052455596,
      0.0
    ],
    "Ope": [
      -0.00896469544081,
      2.15741156955,
      0.0,
      0.0,
      0.129750748383,
      0.0,
      0.0,
      0.0,
      0.0,
      0.0,
      0.0
    ],
    "Opl1": [
      -0.00896469544081,
      -2.68290427321,
      0.0,
      0.0,
      0.10433684441,
      0.0,
      0.0,
      0.0,
      0.0,
      0.0,
      0.0
    ],
    "Opl2": [
      -0.00896469544081,
      0.0,
      -2.68290427321,
      0.0,
      0.0,
      0.10433684441,
      0.0,
      0.0,
      0.0,
      0.0,
      0.0
    ],
    "Opl3": [
      -0.00896469544081,
      0.0,
      0.0,
      -2.68290427321,
      0.0,
      0.0,
      0.10433684441,
      0.0,
      0.0,
      0.0,
      0.0
    ],
    "Opmu": [
      -0.00896469544081,
      0.0,
      2.15741156955,
      0.0,
      0.0,
      0.129750748383,
      0.0,
      0.0,
      0.0,
      0.0,
      0.0
    ],
    "OpqMi": [
      0.0179293908816,
      0.213651436718,
      0.213651436718,
      0.213651436718,
      0.0,
      0.0,
      0.0,
      -0.00232047032124,
      -0.0268322536099,
      0.0,
      -0.0443826318167
    ],
    "Opta": [
      -0.00896469544081,
      0.0,
      0.0,
      2.15741156955,
      0.0,
      0.0,
      0.129750748383,
      0.0,
      0.0,
      0.0,
      0.0
    ],
    "Opui": [
      0.0358587817633,
      0.427302873437,
      0.427302873437,
      0.427302873437,
      0.0,
      0.0,
      0.0,
      -0.00464094064248,
      0.00696141096373,
      0.0,
      -0.104981049382
    ],
    "O3pQ3*O3pQ3": [
      0.00731598674919,
      0.0871792628259,
      0.0871792628259,
      0.0871792628259,
      0.0,
      0.0,
      0.0,
      0.000500586727036,
      -0.000109640860164,
      -0.0033517876563,
      0.0
    ],
    "O3pQ3*Oll1221": [
      0.00311451663437,
      -0.0371134166247,
      -0.0371134166247,
      -0.0371134166247,
      0.0,
      0.0,
      0.0,
      -0.00143460718451,
      0.000314214415228,
      -0.000495142559414,
      0.0
    ],
    "O3pQ3*OpD": [
      0.000337927192319,
      0.0163817043727,
      0.0163817043727,
      0.0163817043727,
      0.0,
      0.0,
      0.0,
      2.61723460394e-05,
      -8.85366869822e-05,
      -0.00386988679936,
      0.0
    ],
    "O3pQ3*OpQM": [
      0.00731598674919,
      0.0871792628259,
      0.0871792628259,
      0.0871792628259,
      0.0,
      0.0,
      0.0,
      0.000500586727036,
      -0.000109640860164,
      -0.0033517876563,
      0.0
    ],
    "O3pQ3*OpWB": [
      0.00202976771364,
      -0.00232945680065,
      -0.00232945680065,
      -0.00232945680065,
      0.0,
      0.0,
      0.0,
      -0.000740210328973,
      7.34398971434e-05,
      -0.00440984981641,
      0.0
    ],
    "O3pQ3*Opdi": [
      0.0,
      0.0,
      0.0,
      0.0,
      0.0,
      0.0,
      0.0,
      0.000860693116015,
      -0.000328988388364,
      -0.0125428403871,
      0.0
    ],
    "O3pQ3*Ope": [
      0.0,
      0.130795057304,
      0.0,
      0.0,
      0.0,
      0.0,
      0.0,
      0.0,
      0.0,
      0.0,
      0.0
    ],
    "O3pQ3*Opl1": [
      0.0,
      -0.162653534962,
      0.0,
      0.0,
      0.0,
      0.0,
      0.0,
      0.0,
      0.0,
      0.0,
      0.0
    ],
    "O3pQ3*Opl2": [
      0.0,
      0.0,
      -0.162653534962,
      0.0,
      0.0,
      0.0,
      0.0,
      0.0,
      0.0,
      0.0,
      0.0
    ],
    "O3pQ3*Opl3": [
      0.0,
      0.0,
      0.0,
      -0.162653534962,
      0.0,
      0.0,
      0.0,
      0.0,
      0.0,
      0.0,
      0.0
    ],
    "O3pQ3*Opmu": [
      0.0,
      0.0,
      0.130795057304,
      0.0,
      0.0,
      0.0,
      0.0,
      0.0,
      0.0,
      0.0,
      0.0
    ],
    "O3pQ3*OpqMi": [
      0.0,
      0.0,
      0.0,
      0.0,
      0.0,
      0.0,
      0.0,
      -0.000360006236086,
      0.00173639280816,
      0.0,
      0.0
    ],
    "O3pQ3*Opta": [
      0.0,
      0.0,
      0.0,
      0.130795057304,
      0.0,
      0.0,
      0.0,
      0.0,
      0.0,
      0.0,
      0.0
    ],
    "O3pQ3*Opui": [
      0.0,
      0.0,
      0.0,
      0.0,
      0.0,
      0.0,
      0.0,
      -0.000720012472172,
      -0.000202716339286,
      0.0,
      0.0
    ],
    "O3pl1*O3pQ3": [
      -0.00311451663437,
      -0.125540118337,
      0.0371134166247,
      0.0371134166247,
      0.0,
      0.0,
      0.0,
      0.00143460718451,
      -0.000314214415228,
      0.000495142559414,
      0.0
    ],
    "O3pl1*O3pl1": [
      0.00251751885537,
      0.128368415628,
      0.0,
      0.0,
      -0.00499218535013,
      0.0,
      0.0,
      0.0,
      0.0,
      0.0,
      0.0
    ],
    "O3pl1*O3pl2": [
      0.00259637546101,
      -0.0813243505245,
      -0.0813243505245,
      0.0,
      0.00316266450209,
      0.00316266450209,
      0.0,
      0.0,
      0.0,
      0.0,
      0.0
    ],
    "O3pl1*O3pl3": [
      -0.000947592754752,
      0.0,
      0.0,
      -0.0813243505245,
      0.0,
      0.0,
      0.00316266450209,
      0.0,
      0.0,
      0.0,
      0.0
    ],
    "O3pl1*O3pq": [
      -0.00622903326874,
      -0.251080236675,
      0.0742268332493,
      0.0742268332493,
      0.0,
      0.0,
      0.0,
      -0.000806178354054,
      -0.000628428830456,
      0.0,
      0.0
    ],
    "O3pl1*Oll1221": [
      -0.00354396821576,
      0.0813243505245,
      0.0,
      0.0,
      -0.00316266450209,
      0.0,
      0.0,
      0.0,
      0.0,
      0.0,
      0.0
    ],
    "O3pl1*OpD": [
      0.000797335090953,
      -0.24384334042,
      0.00868819554007,
      0.00868819554007,
      -0.0103128278665,
      0.00551434448995,
      0.00551434448995,
      -3.23198410084e-05,
      4.84797615127e-05,
      0.000431659229494,
      0.00234568260707
    ],
    "O3pl1*OpQM": [
      -0.00155725831718,
      -0.0627700591687,
      0.0185567083123,
      0.0185567083123,
      0.0,
      0.0,
      0.0,
      0.000717303592255,
      -0.000157107207614,
      0.000247571279707,
      0.0
    ],
    "O3pl1*OpWB": [
      -0.00104386145671,
      -0.217609604436,
      0.00930516759894,
      0.00930516759894,
      -0.0127387963164,
      0.00590593287646,
      0.00590593287646,
      -3.46149595699e-05,
      5.19224393548e-05,
      0.000462312508685,
      0.00251225581791
    ],
    "O3pl1*Opdi": [
      0.000815215110342,
      0.0328597382635,
      -0.00971432218244,
      -0.00971432218244,
      0.0,
      0.0,
      0.0,
      -5.4829768522e-05,
      8.22446527831e-05,
      0.00141876332834,
      0.0
    ],
    "O3pl1*Ope": [
      0.000271738370114,
      -0.507810767452,
      0.0,
      0.0,
      -0.00215797801428,
      0.0,
      0.0,
      0.0,
      0.0,
      0.0,
      0.0
    ],
    "O3pl1*Opl1": [
      0.000271738370114,
      0.338061181781,
      0.0,
      0.0,
      -0.0131470352023,
      0.0,
      0.0,
      0.0,
      0.0,
      0.0,
      0.0
    ],
    "O3pl1*Opl2": [
      0.000271738370114,
      0.0,
      -0.0813243505245,
      0.0,
      0.0,
      0.00316266450209,
      0.0,
      0.0,
      0.0,
      0.0,
      0.0
    ],
    "O3pl1*Opl3": [
      0.000271738370114,
      0.0,
      0.0,
      -0.0813243505245,
      0.0,
      0.0,
      0.00316266450209,
      0.0,
      0.0,
      0.0,
      0.0
    ],
    "O3pl1*Opmu": [
      0.000271738370114,
      0.0,
      0.0653955850976,
      0.0,
      0.0,
      0.0039330122389,
      0.0,
      0.0,
      0.0,
      0.0,
      0.0
    ],
    "O3pl1*OpqMi": [
      -0.000543476740228,
      -0.0219064921757,
      0.0064762147883,
      0.0064762147883,
      0.0,
      0.0,
      0.0,
      -7.0338231472e-05,
      -0.00081334083356,
      0.0,
      -0.00134532891952
    ],
    "O3pl1*Opta": [
      0.000271738370114,
      0.0,
      0.0,
      0.0653955850976,
      0.0,
      0.0,
      0.0039330122389,
      0.0,
      0.0,
      0.0,
      0.0
    ],
    "O3pl1*Opui": [
      -0.00108695348046,
      -0.0438129843513,
      0.0129524295766,
      0.0129524295766,
      0.0,
      0.0,
      0.0,
      -0.000140676462944,
      0.000211014694416,
      0.0,
      -0.00318219168072
    ],
    "O3pl2*O3pQ3": [
      -0.00311451663437,
      0.0371134166247,
      -0.125540118337,
      0.0371134166247,
      0.0,
      0.0,
      0.0,
      0.00143460718451,
      -0.000314214415228,
      0.000495142559414,
      0.0
    ],
    "O3pl2*O3pl2": [
      0.00251751885537,
      0.0,
      0.128368415628,
      0.0,
      0.0,
      -0.00499218535013,
      0.0,
      0.0,
      0.0,
      0.0,
      0.0
    ],
    "O3pl2*O3pl3": [
      -0.000947592754752,
      0.0,
      0.0,
      -0.0813243505245,
      0.0,
      0.0,
      0.00316266450209,
      0.0,
      0.0,
      0.0,
      0.0
    ],
    "O3pl2*O3pq": [
      -0.00622903326874,
      0.0742268332493,
      -0.251080236675,
      0.0742268332493,
      0.0,
      0.0,
      0.0,
      -0.000806178354054,
      -0.000628428830456,
      0.0,
      0.0
    ],
    "O3pl2*Oll1221": [
      -0.00354396821576,
      0.0,
      0.0813243505245,
      0.0,
      0.0,
      -0.00316266450209,
      0.0,
      0.0,
      0.0,
      0.0,
      0.0
    ],
    "O3pl2*OpD": [
      0.000797335090953,
      0.00868819554007,
      -0.24384334042,
      0.00868819554007,
      0.00551434448995,
      -0.0103128278665,
      0.00551434448995,
      -3.23198410084e-05,
      4.84797615127e-05,
      0.000431659229494,
      0.00234568260707
    ],
    "O3pl2*OpQM": [
      -0.00155725831718,
      0.0185567083123,
      -0.0627700591687,
      0.0185567083123,
      0.0,
      0.0,
      0.0,
      0.000717303592255,
      -0.000157107207614,
      0.000247571279707,
      0.0
    ],
    "O3pl2*OpWB": [
      -0.00104386145671,
      0.00930516759894,
      -0.217609604436,
      0.00930516759894,
      0.00590593287646,
      -0.0127387963164,
      0.00590593287646,
      -3.46149595699e-05,
      5.19224393548e-05,
      0.000462312508685,
      0.00251225581791
    ],
    "O3pl2*Opdi": [
      0.000815215110342,
      -0.00971432218244,
      0.0328597382635,
      -0.00971432218244,
      0.0,
      0.0,
      0.0,
      -5.4829768522e-05,
      8.22446527831e-05,
      0.00141876332834,
      0.0
    ],
    "O3pl2*Ope": [
      0.000271738370114,
      0.0653955850976,
      0.0,
      0.0,
      0.0039330122389,
      0.0,
      0.0,
      0.0,
      0.0,
      0.0,
      0.0
    ],
    "O3pl2*Opl1": [
      0.000271738370114,
      -0.0813243505245,
      0.0,
      0.0,
      0.00316266450209,
      0.0,
      0.0,
      0.0,
      0.0,
      0.0,
      0.0
    ],
    "O3pl2*Opl2": [
      0.000271738370114,
      0.0,
      0.338061181781,
      0.0,
      0.0,
      -0.0131470352023,
      0.0,
      0.0,
      0.0,
      0.0,
      0.0
    ],
    "O3pl2*Opl3": [
      0.000271738370114,
      0.0,
      0.0,
      -0.0813243505245,
      0.0,
      0.0,
      0.00316266450209,
      0.0,
      0.0,
      0.0,
      0.0
    ],
    "O3pl2*Opmu": [
      0.000271738370114,
      0.0,
      -0.507810767452,
      0.0,
      0.0,
      -0.00215797801428,
      0.0,
      0.0,
      0.0,
      0.0,
      0.0
    ],
    "O3pl2*OpqMi": [
      -0.000543476740228,
      0.0064762147883,
      -0.0219064921757,
      0.0064762147883,
      0.0,
      0.0,
      0.0,
      -7.0338231472e-05,
      -0.00081334083356,
      0.0,
      -0.00134532891952
    ],
    "O3pl2*Opta": [
      0.000271738370114,
      0.0,
      0.0,
      0.0653955850976,
      0.0,
      0.0,
      0.0039330122389,
      0.0,
      0.0,
      0.0,
      0.0
    ],
    "O3pl2*Opui": [
      -0.00108695348046,
      0.0129524295766,
      -0.0438129843513,
      0.0129524295766,
      0.0,
      0.0,
      0.0,
      -0.000140676462944,
      0.000211014694416,
      0.0,
      -0.00318219168072
    ],
    "O3pl3*O3pQ3": [
      0.0,
      0.0,
      0.0,
      -0.162653534962,
      0.0,
      0.0,
      0.0,
      0.0,
      0.0,
      0.0,
      0.0
    ],
    "O3pl3*O3pl3": [
      0.00121933112487,
      0.0,
      0.0,
      0.209692766153,
      0.0,
      0.0,
      -0.00815484985222,
      0.0,
      0.0,
      0.0,
      0.0
    ],
    "O3pl3*O3pq": [
      0.0,
      0.0,
      0.0,
      -0.325307069924,
      0.0,
      0.0,
      0.0,
      0.0,
      0.0,
      0.0,
      0.0
    ],
    "O3pl3*Oll1221": [
      0.000947592754752,
      0.0,
      0.0,
      0.0813243505245,
      0.0,
      0.0,
      -0.00316266450209,
      0.0,
      0.0,
      0.0,
      0.0
    ],
    "O3pl3*OpD": [
      0.000473796377376,
      0.0,
      0.0,
      -0.25253153596,
      0.0,
      0.0,
      -0.0158271723564,
      0.0,
      0.0,
      0.0,
      0.0
    ],
    "O3pl3*OpQM": [
      0.0,
      0.0,
      0.0,
      -0.081326767481,
      0.0,
      0.0,
      0.0,
      0.0,
      0.0,
      0.0,
      0.0
    ],
    "O3pl3*OpWB": [
      0.00101488385682,
      0.0,
      0.0,
      -0.226914772035,
      0.0,
      0.0,
      -0.0186447291929,
      0.0,
      0.0,
      0.0,
      0.0
    ],
    "O3pl3*Opdi": [
      0.0,
      0.0,
      0.0,
      0.0425740604459,
      0.0,
      0.0,
      0.0,
      0.0,
      0.0,
      0.0,
      0.0
    ],
    "O3pl3*Ope": [
      0.0,
      0.0,
      0.0,
      0.0,
      0.0,
      0.0,
      0.0,
      0.0,
      0.0,
      0.0,
      0.0
    ],
    "O3pl3*Opl1": [
      0.0,
      0.0,
      0.0,
      0.0,
      0.0,
      0.0,
      0.0,
      0.0,
      0.0,
      0.0,
      0.0
    ],
    "O3pl3*Opl2": [
      0.0,
      0.0,
      0.0,
      0.0,
      0.0,
      0.0,
      0.0,
      0.0,
      0.0,
      0.0,
      0.0
    ],
    "O3pl3*Opl3": [
      0.0,
      0.0,
      0.0,
      0.419385532305,
      0.0,
      0.0,
      -0.0163096997044,
      0.0,
      0.0,
      0.0,
      0.0
    ],
    "O3pl3*Opmu": [
      0.0,
      0.0,
      0.0,
      0.0,
      0.0,
      0.0,
      0.0,
      0.0,
      0.0,
      0.0,
      0.0
    ],
    "O3pl3*OpqMi": [
      0.0,
      0.0,
      0.0,
      -0.028382706964,
      0.0,
      0.0,
      0.0,
      0.0,
      0.0,
      0.0,
      0.0
    ],
    "O3pl3*Opta": [
      0.0,
      0.0,
      0.0,
      -0.573206352549,
      0.0,
      0.0,
      -0.00609099025318,
      0.0,
      0.0,
      0.0,
      0.0
    ],
    "O3pl3*Opui": [
      0.0,
      0.0,
      0.0,
      -0.0567654139279,
      0.0,
      0.0,
      0.0,
      0.0,
      0.0,
      0.0,
      0.0
    ],
    "O3pq*O3pQ3": [
      0.0,
      0.0,
      0.0,
      0.0,
      0.0,
      0.0,
      0.0,
      -0.00412619465663,
      0.00251379002935,
      0.0,
      0.0
    ],
    "O3pq*O3pq": [
      0.0146319734984,
      0.174358525652,
      0.174358525652,
      0.174358525652,
      0.0,
      0.0,
      0.0,
      0.00133109962058,
      0.00103761329435,
      0.0,
      0.0
    ],
    "O3pq*Oll1221": [
      0.00622903326874,
      -0.0742268332493,
      -0.0742268332493,
      -0.0742268332493,
      0.0,
      0.0,
      0.0,
      0.000806178354054,
      0.000628428830456,
      0.0,
      0.0
    ],
    "O3pq*OpD": [
      0.000675854384638,
      0.0327634087455,
      0.0327634087455,
      0.0327634087455,
      0.0,
      0.0,
      0.0,
      0.000150901027925,
      -0.000177073373964,
      0.0,
      0.0
    ],
    "O3pq*OpQM": [
      0.0,
      0.0,
      0.0,
      0.0,
      0.0,
      0.0,
      0.0,
      -0.00206309732832,
      0.00125689501467,
      0.0,
      0.0
    ],
    "O3pq*OpWB": [
      0.00405953542728,
      -0.0046589136013,
      -0.0046589136013,
      -0.0046589136013,
      0.0,
      0.0,
      0.0,
      0.000593330534686,
      0.000146879794287,
      0.0,
      0.0
    ],
    "O3pq*Opdi": [
      0.0,
      0.0,
      0.0,
      0.0,
      0.0,
      0.0,
      0.0,
      -0.000202716339286,
      -0.000657976776728,
      0.0,
      0.0
    ],
    "O3pq*Ope": [
      0.0,
      0.261590114607,
      0.0,
      0.0,
      0.0,
      0.0,
      0.0,
      0.0,
      0.0,
      0.0,
      0.0
    ],
    "O3pq*Opl1": [
      0.0,
      -0.325307069924,
      0.0,
      0.0,
      0.0,
      0.0,
      0.0,
      0.0,
      0.0,
      0.0,
      0.0
    ],
    "O3pq*Opl2": [
      0.0,
      0.0,
      -0.325307069924,
      0.0,
      0.0,
      0.0,
      0.0,
      0.0,
      0.0,
      0.0,
      0.0
    ],
    "O3pq*Opl3": [
      0.0,
      0.0,
      0.0,
      -0.325307069924,
      0.0,
      0.0,
      0.0,
      0.0,
      0.0,
      0.0,
      0.0
    ],
    "O3pq*Opmu": [
      0.0,
      0.0,
      0.261590114607,
      0.0,
      0.0,
      0.0,
      0.0,
      0.0,
      0.0,
      0.0,
      0.0
    ],
    "O3pq*OpqMi": [
      0.0146319734984,
      0.174358525652,
      0.174358525652,
      0.174358525652,
      0.0,
      0.0,
      0.0,
      -0.00133098705862,
      0.00199660888132,
      0.0,
      0.0
    ],
    "O3pq*Opta": [
      0.0,
      0.0,
      0.0,
      0.261590114607,
      0.0,
      0.0,
      0.0,
      0.0,
      0.0,
      0.0,
      0.0
    ],
    "O3pq*Opui": [
      0.0,
      0.0,
      0.0,
      0.0,
      0.0,
      0.0,
      0.0,
      0.00112544515074,
      -0.000405432678573,
      0.0,
      0.0
    ],
    "Oll1221*Oll1221": [
      0.00224578048525,
      0.0,
      0.0,
      0.0,
      0.0,
      0.0,
      0.0,
      0.0,
      0.0,
      0.0,
      0.0
    ],
    "Oll1221*OpD": [
      -0.000323538713577,
      -0.00868819554007,
      -0.00868819554007,
      -0.00868819554007,
      -0.00551434448995,
      -0.00551434448995,
      -0.00551434448995,
      3.23198410084e-05,
      -4.84797615127e-05,
      -0.000431659229494,
      -0.00234568260707
    ],
    "Oll1221*OpQM": [
      0.00155725831718,
      -0.0185567083123,
      -0.0185567083123,
      -0.0185567083123,
      0.0,
      0.0,
      0.0,
      -0.000717303592255,
      0.000157107207614,
      -0.000247571279707,
      0.0
    ],
    "Oll1221*OpWB": [
      0.00205874531353,
      -0.00930516759894,
      -0.00930516759894,
      -0.00930516759894,
      -0.00590593287646,
      -0.00590593287646,
      -0.00590593287646,
      3.46149595699e-05,
      -5.19224393548e-05,
      -0.000462312508685,
      -0.00251225581791
    ],
    "Oll1221*Opdi": [
      -0.000815215110342,
      0.00971432218244,
      0.00971432218244,
      0.00971432218244,
      0.0,
      0.0,
      0.0,
      5.4829768522e-05,
      -8.22446527831e-05,
      -0.00141876332834,
      0.0
    ],
    "Oll1221*Ope": [
      -0.000271738370114,
      -0.0653955850976,
      0.0,
      0.0,
      -0.0039330122389,
      0.0,
      0.0,
      0.0,
      0.0,
      0.0,
      0.0
    ],
    "Oll1221*Opl1": [
      -0.000271738370114,
      0.0813243505245,
      0.0,
      0.0,
      -0.00316266450209,
      0.0,
      0.0,
      0.0,
      0.0,
      0.0,
      0.0
    ],
    "Oll1221*Opl2": [
      -0.000271738370114,
      0.0,
      0.0813243505245,
      0.0,
      0.0,
      -0.00316266450209,
      0.0,
      0.0,
      0.0,
      0.0,
      0.0
    ],
    "Oll1221*Opl3": [
      -0.000271738370114,
      0.0,
      0.0,
      0.0813243505245,
      0.0,
      0.0,
      -0.00316266450209,
      0.0,
      0.0,
      0.0,
      0.0
    ],
    "Oll1221*Opmu": [
      -0.000271738370114,
      0.0,
      -0.0653955850976,
      0.0,
      0.0,
      -0.0039330122389,
      0.0,
      0.0,
      0.0,
      0.0,
      0.0
    ],
    "Oll1221*OpqMi": [
      0.000543476740228,
      -0.0064762147883,
      -0.0064762147883,
      -0.0064762147883,
      0.0,
      0.0,
      0.0,
      7.0338231472e-05,
      0.00081334083356,
      0.0,
      0.00134532891952
    ],
    "Oll1221*Opta": [
      -0.000271738370114,
      0.0,
      0.0,
      -0.0653955850976,
      0.0,
      0.0,
      -0.0039330122389,
      0.0,
      0.0,
      0.0,
      0.0
    ],
    "Oll1221*Opui": [
      0.00108695348046,
      -0.0129524295766,
      -0.0129524295766,
      -0.0129524295766,
      0.0,
      0.0,
      0.0,
      0.000140676462944,
      -0.000211014694416,
      0.0,
      0.00318219168072
    ],
    "OpD*OpD": [
      0.00450974826611,
      -0.146498398526,
      -0.146498398526,
      -0.146498398526,
      -0.00280467301709,
      -0.00280467301709,
      -0.00280467301709,
      -0.000184093339328,
      0.000276140008992,
      -0.000826314713823,
      -0.00457490245086
    ],
    "OpD*OpQM": [
      0.000168963596159,
      0.00819085218637,
      0.00819085218637,
      0.00819085218637,
      0.0,
      0.0,
      0.0,
      1.30861730197e-05,
      -4.42683434911e-05,
      -0.00193494339968,
      0.0
    ],
    "OpD*OpWB": [
      0.00948673813026,
      -0.318455868951,
      -0.318455868951,
      -0.318455868951,
      -0.0089606471733,
      -0.0089606471733,
      -0.0089606471733,
      -0.000377025122053,
      0.000565537683079,
      -0.00200114332844,
      -0.0110556849879
    ],
    "OpD*Opdi": [
      0.00325038581943,
      0.0354986204183,
      0.0354986204183,
      0.0354986204183,
      0.0,
      0.0,
      0.0,
      0.000209114169496,
      -0.000313671254244,
      -0.00527787113854,
      0.0
    ],
    "OpD*Ope": [
      0.00108346193981,
      -0.208353283161,
      0.0,
      0.0,
      0.00506141238901,
      0.0,
      0.0,
      0.0,
      0.0,
      0.0,
      0.0
    ],
    "OpD*Opl1": [
      0.00108346193981,
      -0.25253153596,
      0.0,
      0.0,
      -0.0158271723564,
      0.0,
      0.0,
      0.0,
      0.0,
      0.0,
      0.0
    ],
    "OpD*Opl2": [
      0.00108346193981,
      0.0,
      -0.25253153596,
      0.0,
      0.0,
      -0.0158271723564,
      0.0,
      0.0,
      0.0,
      0.0,
      0.0
    ],
    "OpD*Opl3": [
      0.00108346193981,
      0.0,
      0.0,
      -0.25253153596,
      0.0,
      0.0,
      -0.0158271723564,
      0.0,
      0.0,
      0.0,
      0.0
    ],
    "OpD*Opmu": [
      0.00108346193981,
      0.0,
      -0.208353283161,
      0.0,
      0.0,
      0.00506141238901,
      0.0,
      0.0,
      0.0,
      0.0,
      0.0
    ],
    "OpD*OpqMi": [
      -0.00216692387962,
      -0.0236657469455,
      -0.0236657469455,
      -0.0236657469455,
      0.0,
      0.0,
      0.0,
      0.000301246862326,
      -0.000427231209527,
      0.0,
      0.0106117546241
    ],
    "OpD*Opta": [
      0.00108346193981,
      0.0,
      0.0,
      -0.208353283161,
      0.0,
      0.0,
      0.00506141238901,
      0.0,
      0.0,
      0.0,
      0.0
    ],
    "OpD*Opui": [
      -0.00433384775923,
      -0.047331493891,
      -0.047331493891,
      -0.047331493891,
      0.0,
      0.0,
      0.0,
      0.000602493724652,
      -0.000903740586978,
      0.0,
      0.00931250674125
    ],
    "OpQM*OpQM": [
      0.0018289966873,
      0.0217948157065,
      0.0217948157065,
      0.0217948157065,
      0.0,
      0.0,
      0.0,
      0.000125146681759,
      -2.74102150409e-05,
      -0.000837946914075,
      0.0
    ],
    "OpQM*OpWB": [
      0.00101488385682,
      -0.00116472840032,
      -0.00116472840032,
      -0.00116472840032,
      0.0,
      0.0,
      0.0,
      -0.000370105164486,
      3.67199485717e-05,
      -0.0022049249082,
      0.0
    ],
    "OpQM*OpqMi": [
      0.0,
      0.0,
      0.0,
      0.0,
      0.0,
      0.0,
      0.0,
      -0.000180003118043,
      0.000868196404079,
      0.0,
      0.0
    ],
    "OpQM*Opta": [
      0.0,
      0.0,
      0.0,
      0.0653975286519,
      0.0,
      0.0,
      0.0,
      0.0,
      0.0,
      0.0,
      0.0
    ],
    "OpQM*Opui": [
      0.0,
      0.0,
      0.0,
      0.0,
      0.0,
      0.0,
      0.0,
      -0.000360006236086,
      -0.000101358169643,
      0.0,
      0.0
    ],
    "OpWB*OpWB": [
      0.00563144400416,
      -0.173026625127,
      -0.173026625127,
      -0.173026625127,
      -0.00637981562759,
      -0.00637981562759,
      -0.00637981562759,
      -0.000192631078235,
      0.000288946617352,
      -0.00119541058054,
      -0.00659305386968
    ],
    "Opdi*OpQM": [
      0.0,
      0.0,
      0.0,
      0.0,
      0.0,
      0.0,
      0.0,
      0.000430346558007,
      -0.000164494194182,
      -0.00627142019355,
      0.0
    ],
    "Opdi*OpWB": [
      0.00304465157046,
      0.0432215537507,
      0.0432215537507,
      0.0432215537507,
      0.0,
      0.0,
      0.0,
      0.000253325616013,
      -0.000379988424019,
      -0.0064124236764,
      0.0
    ],
    "Opdi*Opdi": [
      0.00548699006189,
      0.0653844471194,
      0.0653844471194,
      0.0653844471194,
      0.0,
      0.0,
      0.0,
      0.000340340285542,
      -0.000510510428313,
      -0.00842058925994,
      0.0
    ],
    "Opdi*Ope": [
      0.0,
      -0.0342352023089,
      0.0,
      0.0,
      0.0,
      0.0,
      0.0,
      0.0,
      0.0,
      0.0,
      0.0
    ],
    "Opdi*Opl1": [
      0.0,
      0.0425740604459,
      0.0,
      0.0,
      0.0,
      0.0,
      0.0,
      0.0,
      0.0,
      0.0,
      0.0
    ],
    "Opdi*Opl2": [
      0.0,
      0.0,
      0.0425740604459,
      0.0,
      0.0,
      0.0,
      0.0,
      0.0,
      0.0,
      0.0,
      0.0
    ],
    "Opdi*Opl3": [
      0.0,
      0.0,
      0.0,
      0.0425740604459,
      0.0,
      0.0,
      0.0,
      0.0,
      0.0,
      0.0,
      0.0
    ],
    "Opdi*Opmu": [
      0.0,
      0.0,
      -0.0342352023089,
      0.0,
      0.0,
      0.0,
      0.0,
      0.0,
      0.0,
      0.0,
      0.0
    ],
    "Opdi*OpqMi": [
      0.0,
      0.0,
      0.0,
      0.0,
      0.0,
      0.0,
      0.0,
      -1.76867919166e-05,
      -0.000454495454954,
      0.0,
      0.0
    ],
    "Opdi*Opta": [
      0.0,
      0.0,
      0.0,
      -0.0342352023089,
      0.0,
      0.0,
      0.0,
      0.0,
      0.0,
      0.0,
      0.0
    ],
    "Opdi*Opui": [
      0.0,
      0.0,
      0.0,
      0.0,
      0.0,
      0.0,
      0.0,
      -3.53735838333e-05,
      5.306037575e-05,
      0.0,
      0.0
    ],
    "Ope*OpQM": [
      0.0,
      0.0653975286519,
      0.0,
      0.0,
      0.0,
      0.0,
      0.0,
      0.0,
      0.0,
      0.0,
      0.0
    ],
    "Ope*OpWB": [
      0.00101488385682,
      -0.258168758868,
      0.0,
      0.0,
      0.00331468386139,
      0.0,
      0.0,
      0.0,
      0.0,
      0.0,
      0.0
    ],
    "Ope*Ope": [
      0.000609665562433,
      0.0837471050914,
      0.0,
      0.0,
      0.00503670681752,
      0.0,
      0.0,
      0.0,
      0.0,
      0.0,
      0.0
    ],
    "Ope*Opl1": [
      0.0,
      -0.573206352549,
      0.0,
      0.0,
      -0.00609099025318,
      0.0,
      0.0,
      0.0,
      0.0,
      0.0,
      0.0
    ],
    "Ope*Opl2": [
      0.0,
      0.0,
      0.0,
      0.0,
      0.0,
      0.0,
      0.0,
      0.0,
      0.0,
      0.0,
      0.0
    ],
    "Ope*Opl3": [
      0.0,
      0.0,
      0.0,
      0.0,
      0.0,
      0.0,
      0.0,
      0.0,
      0.0,
      0.0,
      0.0
    ],
    "Ope*Opmu": [
      0.0,
      0.0,
      0.0,
      0.0,
      0.0,
      0.0,
      0.0,
      0.0,
      0.0,
      0.0,
      0.0
    ],
    "Ope*OpqMi": [
      0.0,
      0.0228234682059,
      0.0,
      0.0,
      0.0,
      0.0,
      0.0,
      0.0,
      0.0,
      0.0,
      0.0
    ],
    "Ope*Opta": [
      0.0,
      0.0,
      0.0,
      0.0,
      0.0,
      0.0,
      0.0,
      0.0,
      0.0,
      0.0,
      0.0
    ],
    "Ope*Opui": [
      0.0,
      0.0456469364119,
      0.0,
      0.0,
      0.0,
      0.0,
      0.0,
      0.0,
      0.0,
      0.0,
      0.0
    ],
    "Opl1*OpQM": [
      0.0,
      -0.081326767481,
      0.0,
      0.0,
      0.0,
      0.0,
      0.0,
      0.0,
