{
  "best_sm": [
    2.4957,
    41489.0,
    20.758,
    20.758,
    20.758,
    0.151349485188,
    0.151349485188,
    0.151349485188,
    0.21586,
    0.17223,
    0.935142482695,
    0.668034427346,
    0.00779970361126
  ],
  "scales": [
    91.1876,
    91.1876,
    91.1876,
    91.1876,
    91.1876,
    91.1876,
    91.1876,
    91.1876,
    91.1876,
    91.1876,
    91.1876,
    91.1876,
    91.1876
  ],
  "theory_cov_current": [
    [
      2.19502832824e-07,
      -4.0597759886e-05,
      7.20579115768e-08,
      7.20579115768e-08,
      7.20579115768e-08,
      1.40169193617e-08,
      1.40169193617e-08,
      1.40169193617e-08,
      1.04052357288e-10,
      1.4479042233e-10,
      1.23468123587e-09,
      6.13486702177e-09,
      -4.73842083274e-11
    ],
    [
      -4.0597759886e-05,
      661.388028484,
      -0.000602066017248,
      -0.000602066017248,
      -0.000602066017248,
      -8.37397650183e-05,
      -8.37397650183e-05,
      -8.37397650183e-05,
      -2.31030858195e-06,
      -6.65883577058e-07,
      -8.0889634511e-06,
      -3.6341691438e-05,
      3.2438269206e-07
    ],
    [
      7.20579115768e-08,
      -0.000602066017248,
      0.000181056490537,
      1.05649053666e-06,
      1.05649053666e-06,
      2.00684467884e-07,
      2.00684467884e-07,
      2.00684467884e-07,
      5.05385561315e-09,
      8.06855968554e-10,
      1.89255295262e-08,
      8.7291225987e-08,
      -7.52639717198e-10
    ],
    [
      7.20579115768e-08,
      -0.000602066017248,
      1.05649053666e-06,
      0.000181056490537,
      1.05649053666e-06,
      2.00684467884e-07,
      2.00684467884e-07,
      2.00684467884e-07,
      5.05385561315e-09,
      8.06855968554e-10,
      1.89255295262e-08,
      8.7291225987e-08,
      -7.52639717198e-10
    ],
    [
      7.20579115768e-08,
      -0.000602066017248,
      1.05649053666e-06,
      1.05649053666e-06,
      0.000181056490537,
      2.00684467884e-07,
      2.00684467884e-07,
      2.00684467884e-07,
      5.05385561315e-09,
      8.06855968554e-10,
      1.89255295262e-08,
      8.7291225987e-08,
      -7.52639717198e-10
    ],
    [
      1.40169193617e-08,
      -8.37397650183e-05,
      2.00684467884e-07,
      2.00684467884e-07,
      2.00684467884e-07,
      7.53771785058e-06,
      6.400892663e-08,
      6.400892663e-08,
      1.54870582984e-09,
      -6.08724515138e-11,
      5.91112659694e-09,
      2.78943907149e-08,
      -2.3214218837e-10
    ],
    [
      1.40169193617e-08,
      -8.37397650183e-05,
      2.00684467884e-07,
      2.00684467884e-07,
      2.00684467884e-07,
      6.400892663e-08,
      7.53771785058e-06,
      6.400892663e-08,
      1.54870582984e-09,
      -6.08724515138e-11,
      5.91112659694e-09,
      2.78943907149e-08,
      -2.3214218837e-10
    ],
    [
      1.40169193617e-08,
      -8.37397650183e-05,
      2.00684467884e-07,
      2.00684467884e-07,
      2.00684467884e-07,
      6.400892663e-08,
      6.400892663e-08,
      7.53771785058e-06,
      1.54870582984e-09,
      -6.08724515138e-11,
      5.91112659694e-09,
      2.78943907149e-08,
      -2.3214218837e-10
    ],
    [
      1.04052357288e-10,
      -2.31030858195e-06,
      5.05385561315e-09,
      5.05385561315e-09,
      5.05385561315e-09,
      1.54870582984e-09,
      1.54870582984e-09,
      1.54870582984e-09,
      2.03675690104e-07,
      -1.52208049372e-11,
      1.56354925742e-10,
      6.69086721459e-10,
      -6.38700307505e-12
    ],
    [
      1.4479042233e-10,
      -6.65883577058e-07,
      8.06855968554e-10,
      8.06855968554e-10,
      8.06855968554e-10,
      -6.08724515138e-11,
      -6.08724515138e-11,
      -6.08724515138e-11,
      -1.52208049372e-11,
      3.14076842723e-08,
      -9.60686684639e-12,
      -2.47708780132e-11,
      4.45633802427e-13
    ],
    [
      1.23468123587e-09,
      -8.0889634511e-06,
      1.89255295262e-08,
      1.89255295262e-08,
      1.89255295262e-08,
      5.91112659694e-09,
      5.91112659694e-09,
      5.91112659694e-09,
      1.56354925742e-10,
      -9.60686684639e-12,
      0.000297059582621,
      2.57387080175e-09,
      -2.17225115728e-11
    ],
    [
      6.13486702177e-09,
      -3.6341691438e-05,
      8.7291225987e-08,
      8.7291225987e-08,
      8.7291225987e-08,
      2.78943907149e-08,
      2.78943907149e-08,
      2.78943907149e-08,
      6.69086721459e-10,
      -2.47708780132e-11,
      2.57387080175e-09,
      0.00015097577869,
      -1.01041315535e-10
    ],
    [
      -4.73842083274e-11,
      3.2438269206e-07,
      -7.52639717198e-10,
      -7.52639717198e-10,
      -7.52639717198e-10,
      -2.3214218837e-10,
      -2.3214218837e-10,
      -2.3214218837e-10,
      -6.38700307505e-12,
      4.45633802427e-13,
      -2.17225115728e-11,
      -1.01041315535e-10,
      1.39127838989e-12
    ]
  ],
  "theory_cov_conservative": [
    [
      1.42278328236e-08,
      -4.0597759886e-05,
      7.20579115768e-08,
      7.20579115768e-08,
      7.20579115768e-08,
      1.40169193617e-08,
      1.40169193617e-08,
      1.40169193617e-08,
      1.04052357288e-10,
      1.4479042233e-10,
      1.23468123587e-09,
      6.13486702177e-09,
      -4.73842083274e-11
    ],
    [
      -4.0597759886e-05,
      5.83802848365,
      -0.000602066017248,
      -0.000602066017248,
      -0.000602066017248,
      -8.37397650183e-05,
      -8.37397650183e-05,
      -8.37397650183e-05,
      -2.31030858195e-06,
      -6.65883577058e-07,
      -8.0889634511e-06,
      -3.6341691438e-05,
      3.2438269206e-07
    ],
    [
      7.20579115768e-08,
      -0.000602066017248,
      2.65649053666e-06,
      1.05649053666e-06,
      1.05649053666e-06,
      2.00684467884e-07,
      2.00684467884e-07,
      2.00684467884e-07,
      5.05385561315e-09,
      8.06855968554e-10,
      1.89255295262e-08,
      8.7291225987e-08,
      -7.52639717198e-10
    ],
    [
      7.20579115768e-08,
      -0.000602066017248,
      1.05649053666e-06,
      2.65649053666e-06,
      1.05649053666e-06,
      2.00684467884e-07,
      2.00684467884e-07,
      2.00684467884e-07,
      5.05385561315e-09,
      8.06855968554e-10,
      1.89255295262e-08,
      8.7291225987e-08,
      -7.52639717198e-10
    ],
    [
      7.20579115768e-08,
      -0.000602066017248,
      1.05649053666e-06,
      1.05649053666e-06,
      2.65649053666e-06,
      2.00684467884e-07,
      2.00684467884e-07,
      2.00684467884e-07,
      5.05385561315e-09,
      8.06855968554e-10,
      1.89255295262e-08,
      8.7291225987e-08,
      -7.52639717198e-10
    ],
    [
      1.40169193617e-08,
      -8.37397650183e-05,
      2.00684467884e-07,
      2.00684467884e-07,
      2.00684467884e-07,
      1.04696730803e-07,
      6.400892663e-08,
      6.400892663e-08,
      1.54870582984e-09,
      -6.08724515138e-11,
      5.91112659694e-09,
      2.78943907149e-08,
      -2.3214218837e-10
    ],
    [
      1.40169193617e-08,
      -8.37397650183e-05,
      2.00684467884e-07,
      2.00684467884e-07,
      2.00684467884e-07,
      6.400892663e-08,
      1.04696730803e-07,
      6.400892663e-08,
      1.54870582984e-09,
      -6.08724515138e-11,
      5.91112659694e-09,
      2.78943907149e-08,
      -2.3214218837e-10
    ],
    [
      1.40169193617e-08,
      -8.37397650183e-05,
      2.00684467884e-07,
      2.00684467884e-07,
      2.00684467884e-07,
      6.400892663e-08,
      6.400892663e-08,
      1.04696730803e-07,
      1.54870582984e-09,
      -6.08724515138e-11,
      5.91112659694e-09,
      2.78943907149e-08,
      -2.3214218837e-10
    ],
    [
      1.04052357288e-10,
      -2.31030858195e-06,
      5.05385561315e-09,
      5.05385561315e-09,
      5.05385561315e-09,
      1.54870582984e-09,
      1.54870582984e-09,
      1.54870582984e-09,
      2.4116901044e-09,
      -1.52208049372e-11,
      1.56354925742e-10,
      6.69086721459e-10,
      -6.38700307505e-12
    ],
    [
      1.4479042233e-10,
      -6.65883577058e-07,
      8.06855968554e-10,
      8.06855968554e-10,
      8.06855968554e-10,
      -6.08724515138e-11,
      -6.08724515138e-11,
      -6.08724515138e-11,
      -1.52208049372e-11,
      2.90076842723e-08,
      -9.60686684639e-12,
      -2.47708780132e-11,
      4.45633802427e-13
    ],
    [
      1.23468123587e-09,
      -8.0889634511e-06,
      1.89255295262e-08,
      1.89255295262e-08,
      1.89255295262e-08,
      5.91112659694e-09,
      5.91112659694e-09,
      5.91112659694e-09,
      1.56354925742e-10,
      -9.60686684639e-12,
      1.60051183117e-06,
      2.57387080175e-09,
      -2.17225115728e-11
    ],
    [
      6.13486702177e-09,
      -3.6341691438e-05,
      8.7291225987e-08,
      8.7291225987e-08,
      8.7291225987e-08,
      2.78943907149e-08,
      2.78943907149e-08,
      2.78943907149e-08,
      6.69086721459e-10,
      -2.47708780132e-11,
      2.57387080175e-09,
      8.26081064767e-07,
      -1.01041315535e-10
    ],
    [
      -4.73842083274e-11,
      3.2438269206e-07,
      -7.52639717198e-10,
      -7.52639717198e-10,
      -7.52639717198e-10,
      -2.3214218837e-10,
      -2.3214218837e-10,
      -2.3214218837e-10,
      -6.38700307505e-12,
      4.45633802427e-13,
      -2.17225115728e-11,
      -1.01041315535e-10,
      9.91892389892e-13
    ]
  ],
  "theory_cov_aggressive": [
    [
      6.85883282361e-09,
      -4.0597759886e-05,
      7.20579115768e-08,
      7.20579115768e-08,
      7.20579115768e-08,
      1.40169193617e-08,
      1.40169193617e-08,
      1.40169193617e-08,
      1.04052357288e-10,
      1.4479042233e-10,
      1.23468123587e-09,
      6.13486702177e-09,
      -4.73842083274e-11
    ],
    [
      -4.0597759886e-05,
      0.478028483646,
      -0.000602066017248,
      -0.000602066017248,
      -0.000602066017248,
      -8.37397650183e-05,
      -8.37397650183e-05,
      -8.37397650183e-05,
      -2.31030858195e-06,
      -6.65883577058e-07,
      -8.0889634511e-06,
      -3.6341691438e-05,
      3.2438269206e-07
    ],
    [
      7.20579115768e-08,
      -0.000602066017248,
      1.09649053666e-06,
      1.05649053666e-06,
      1.05649053666e-06,
      2.00684467884e-07,
      2.00684467884e-07,
      2.00684467884e-07,
      5.05385561315e-09,
      8.06855968554e-10,
      1.89255295262e-08,
      8.7291225987e-08,
      -7.52639717198e-10
    ],
    [
      7.20579115768e-08,
      -0.000602066017248,
      1.05649053666e-06,
      1.09649053666e-06,
      1.05649053666e-06,
      2.00684467884e-07,
      2.00684467884e-07,
      2.00684467884e-07,
      5.05385561315e-09,
      8.06855968554e-10,
      1.89255295262e-08,
      8.7291225987e-08,
      -7.52639717198e-10
    ],
    [
      7.20579115768e-08,
      -0.000602066017248,
      1.05649053666e-06,
      1.05649053666e-06,
      1.09649053666e-06,
      2.00684467884e-07,
      2.00684467884e-07,
      2.00684467884e-07,
      5.05385561315e-09,
      8.06855968554e-10,
      1.89255295262e-08,
      8.7291225987e-08,
      -7.52639717198e-10
    ],
    [
      1.40169193617e-08,
      -8.37397650183e-05,
      2.00684467884e-07,
      2.00684467884e-07,
      2.00684467884e-07,
      6.40303964518e-08,
      6.400892663e-08,
      6.400892663e-08,
      1.54870582984e-09,
      -6.08724515138e-11,
      5.91112659694e-09,
      2.78943907149e-08,
      -2.3214218837e-10
    ],
    [
      1.40169193617e-08,
      -8.37397650183e-05,
      2.00684467884e-07,
      2.00684467884e-07,
      2.00684467884e-07,
      6.400892663e-08,
      6.40303964518e-08,
      6.400892663e-08,
      1.54870582984e-09,
      -6.08724515138e-11,
      5.91112659694e-09,
      2.78943907149e-08,
      -2.3214218837e-10
    ],
    [
      1.40169193617e-08,
      -8.37397650183e-05,
      2.00684467884e-07,
      2.00684467884e-07,
      2.00684467884e-07,
      6.400892663e-08,
      6.400892663e-08,
      6.40303964518e-08,
      1.54870582984e-09,
      -6.08724515138e-11,
      5.91112659694e-09,
      2.78943907149e-08,
      -2.3214218837e-10
    ],
    [
      1.04052357288e-10,
      -2.31030858195e-06,
      5.05385561315e-09,
      5.05385561315e-09,
      5.05385561315e-09,
      1.54870582984e-09,
      1.54870582984e-09,
      1.54870582984e-09,
      1.689401044e-10,
      -1.52208049372e-11,
      1.56354925742e-10,
      6.69086721459e-10,
      -6.38700307505e-12
    ],
    [
      1.4479042233e-10,
      -6.65883577058e-07,
      8.06855968554e-10,
      8.06855968554e-10,
      8.06855968554e-10,
      -6.08724515138e-11,
      -6.08724515138e-11,
      -6.08724515138e-11,
      -1.52208049372e-11,
      1.16768427229e-09,
      -9.60686684639e-12,
      -2.47708780132e-11,
      4.45633802427e-13
    ],
    [
      1.23468123587e-09,
      -8.0889634511e-06,
      1.89255295262e-08,
      1.89255295262e-08,
      1.89255295262e-08,
      5.91112659694e-09,
      5.91112659694e-09,
      5.91112659694e-09,
      1.56354925742e-10,
      -9.60686684639e-12,
      1.19143562941e-09,
      2.57387080175e-09,
      -2.17225115728e-11
    ],
    [
      6.13486702177e-09,
      -3.6341691438e-05,
      8.7291225987e-08,
      8.7291225987e-08,
      8.7291225987e-08,
      2.78943907149e-08,
      2.78943907149e-08,
      2.78943907149e-08,
      6.69086721459e-10,
      -2.47708780132e-11,
      2.57387080175e-09,
      1.25211793426e-08,
      -1.01041315535e-10
    ],
    [
      -4.73842083274e-11,
      3.2438269206e-07,
      -7.52639717198e-10,
      -7.52639717198e-10,
      -7.52639717198e-10,
      -2.3214218837e-10,
      -2.3214218837e-10,
      -2.3214218837e-10,
      -6.38700307505e-12,
      4.45633802427e-13,
      -2.17225115728e-11,
      -1.01041315535e-10,
      8.80064889892e-13
    ]
  ],
  "LO": {
    "SM": [
      2.44419837441,
      42027.7473097,
      20.1956195819,
      20.1956195819,
      20.1956195819,
      0.21460216113,
      0.21460216113,
      0.21460216113,
      0.219344819669,
      0.170982770497,
      0.940900489505,
      0.696737362851,
      0.00756145991588
    ],
    "O3pQ3": [
      0.102748437995,
      -985.527520417,
      1.22437798044,
      1.22437798044,
      1.22437798044,
      0.0,
      0.0,
      0.0,
      0.0473279370924,
      -0.010365987455,
      0.0163348379659,
      0.0,
      0.0
    ],
    "O3pl1": [
      -0.116916119328,
      4508.14379667,
      -2.68290427321,
      0.0,
      0.0,
      0.10433684441,
      0.0,
      0.0,
      0.0,
      0.0,
      0.0,
      0.0,
      -0.000458406826375
    ],
    "O3pl2": [
      -0.116916119328,
      -1075.06806733,
      0.0,
      -2.68290427321,
      0.0,
      0.0,
      0.10433684441,
      0.0,
      0.0,
      0.0,
      0.0,
      0.0,
      -0.000458406826375
    ],
    "O3pl3": [
      0.031261247518,
      -1075.06806733,
      0.0,
      0.0,
      -2.68290427321,
      0.0,
      0.0,
      0.10433684441,
      0.0,
      0.0,
      0.0,
      0.0,
      0.0
    ],
    "O3pq": [
      0.20549687599,
      -1971.05504083,
      2.44875596088,
      2.44875596088,
      2.44875596088,
      0.0,
      0.0,
      0.0,
      -0.0265959621824,
      -0.0207319749099,
      0.0,
      0.0,
      0.0
    ],
    "Oll1221": [
      0.148177366846,
      0.0,
      0.0,
      0.0,
      0.0,
      0.0,
      0.0,
      0.0,
      0.0,
      0.0,
      0.0,
      0.0,
      0.000458406826375
    ],
    "OpD": [
      -0.0106735976569,
      115.35737163,
      0.286625061136,
      0.286625061136,
      0.286625061136,
      0.181919170588,
      0.181919170588,
      0.181919170588,
      -0.00106623709863,
      0.00159935564794,
      0.0142405120227,
      0.0773844715575,
      -0.000799266933153
    ],
    "OpQM": [
      0.0513742189974,
      -492.763760208,
      0.61218899022,
      0.61218899022,
      0.61218899022,
      0.0,
      0.0,
      0.0,
      0.0236639685462,
      -0.00518299372748,
      0.00816741898295,
      0.0,
      0.0
    ],
    "OpWB": [
      0.0679183610259,
      123.549207869,
      0.306979075186,
      0.306979075186,
      0.306979075186,
      0.194837738628,
      0.194837738628,
      0.194837738628,
      -0.00114195345365,
      0.00171293018047,
      0.0152517689611,
      0.0828797503552,
      -0.00171205004192
    ],
    "Opdi": [
      -0.0268940863224,
      257.958784819,
      -0.320477155078,
      -0.320477155078,
      -0.320477155078,
      0.0,
      0.0,
      0.0,
      -0.00180884346839,
      0.00271326520258,
      0.0468052455596,
      0.0,
      0.0
    ],
    "Ope": [
      -0.00896469544081,
      -4181.35020911,
      2.15741156955,
      0.0,
      0.0,
      0.129750748383,
      0.0,
      0.0,
      0.0,
      0.0,
      0.0,
      0.0,
      0.0
    ],
    "Opl1": [
      -0.00896469544081,
      5891.50595226,
      -2.68290427321,
      0.0,
      0.0,
      0.10433684441,
      0.0,
      0.0,
      0.0,
      0.0,
      0.0,
      0.0,
      0.0
    ],
    "Opl2": [
      -0.00896469544081,
      308.29408827,
      0.0,
      -2.68290427321,
      0.0,
      0.0,
      0.10433684441,
      0.0,
      0.0,
      0.0,
      0.0,
      0.0,
      0.0
    ],
    "Opl3": [
      -0.00896469544081,
      308.29408827,
      0.0,
      0.0,
      -2.68290427321,
      0.0,
      0.0,
      0.10433684441,
      0.0,
      0.0,
      0.0,
      0.0,
      0.0
    ],
    "Opmu": [
      -0.00896469544081,
      308.29408827,
      0.0,
      2.15741156955,
      0.0,
      0.0,
      0.129750748383,
      0.0,
      0.0,
      0.0,
      0.0,
      0.0,
      0.0
    ],
    "OpqMi": [
      0.0179293908816,
      -171.972523213,
      0.213651436718,
      0.213651436718,
      0.213651436718,
      0.0,
      0.0,
      0.0,
      -0.00232047032124,
      -0.0268322536099,
      0.0,
      -0.0443826318167,
      0.0
    ],
    "Opta": [
      -0.00896469544081,
      308.29408827,
      0.0,
      0.0,
      2.15741156955,
      0.0,
      0.0,
      0.129750748383,
      0.0,
      0.0,
      0.0,
      0.0,
      0.0
    ],
    "Opui": [
      0.0358587817633,
      -343.945046426,
      0.427302873437,
      0.427302873437,
      0.427302873437,
      0.0,
      0.0,
      0.0,
      -0.00464094064248,
      0.00696141096373,
      0.0,
      -0.104981049382,
      0.0
    ],
    "O3pQ3*O3pQ3": [
      0.00731598674919,
      -61.5838708134,
      0.0871792628259,
      0.0871792628259,
      0.0871792628259,
      0.0,
      0.0,
      0.0,
      0.000500586727036,
      -0.000109640860164,
      -0.0033517876563,
      0.0,
      0.0
    ],
    "O3pQ3*Oll1221": [
      0.00311451663437,
      29.8733675749,
      -0.0371134166247,
      -0.0371134166247,
      -0.0371134166247,
      0.0,
      0.0,
      0.0,
      -0.00143460718451,
      0.000314214415228,
      -0.000495142559414,
      0.0,
      0.0
    ],
    "O3pQ3*OpD": [
      0.000337927192319,
      -31.8278397862,
      0.0163817043727,
      0.0163817043727,
      0.0163817043727,
      0.0,
      0.0,
      0.0,
      2.61723460394e-05,
      -8.85366869822e-05,
      -0.00386988679936,
      0.0,
      0.0
    ],
    "O3pQ3*OpQM": [
      0.00731598674919,
      -61.5838708134,
      0.0871792628259,
      0.0871792628259,
      0.0871792628259,
      0.0,
      0.0,
      0.0,
      0.000500586727036,
      -0.000109640860164,
      -0.0033517876563,
      0.0,
      0.0
    ],
    "O3pQ3*OpWB": [
      0.00202976771364,
      -18.0906422724,
      -0.00232945680065,
      -0.00232945680065,
      -0.00232945680065,
      0.0,
      0.0,
      0.0,
      -0.000740210328973,
      7.34398971434e-05,
      -0.00440984981641,
      0.0,
      0.0
    ],
    "O3pQ3*Opdi": [
      0.0,
      -4.49605110032,
      0.0,
      0.0,
      0.0,
      0.0,
      0.0,
      0.0,
      0.000860693116015,
      -0.000328988388364,
      -0.0125428403871,
      0.0,
      0.0
    ],
    "O3pQ3*Ope": [
      0.0,
      85.0903894593,
      0.130795057304,
      0.0,
      0.0,
      0.0,
      0.0,
      0.0,
      0.0,
      0.0,
      0.0,
      0.0,
      0.0
    ],
    "O3pQ3*Opl1": [
      0.0,
      -151.112538171,
      -0.162653534962,
      0.0,
      0.0,
      0.0,
      0.0,
      0.0,
      0.0,
      0.0,
      0.0,
      0.0,
      0.0
    ],
    "O3pQ3*Opl2": [
      0.0,
      -20.189295872,
      0.0,
      -0.162653534962,
      0.0,
      0.0,
      0.0,
      0.0,
      0.0,
      0.0,
      0.0,
      0.0,
      0.0
    ],
    "O3pQ3*Opl3": [
      0.0,
      -20.189295872,
      0.0,
      0.0,
      -0.162653534962,
      0.0,
      0.0,
      0.0,
      0.0,
      0.0,
      0.0,
      0.0,
      0.0
    ],
    "O3pQ3*Opmu": [
      0.0,
      -20.189295872,
      0.0,
      0.130795057304,
      0.0,
      0.0,
      0.0,
      0.0,
      0.0,
      0.0,
      0.0,
      0.0,
      0.0
    ],
    "O3pQ3*OpqMi": [
      0.0,
      2.99736740021,
      0.0,
      0.0,
      0.0,
      0.0,
      0.0,
      0.0,
      -0.000360006236086,
      0.00173639280816,
      0.0,
      0.0,
      0.0
    ],
    "O3pQ3*Opta": [
      0.0,
      -20.189295872,
      0.0,
      0.0,
      0.130795057304,
      0.0,
      0.0,
      0.0,
      0.0,
      0.0,
      0.0,
      0.0,
      0.0
    ],
    "O3pQ3*Opui": [
      0.0,
      5.99473480043,
      0.0,
      0.0,
      0.0,
      0.0,
      0.0,
      0.0,
      -0.000720012472172,
      -0.000202716339286,
      0.0,
      0.0,
      0.0
    ],
    "O3pl1*O3pQ3": [
      -0.00311451663437,
      -90.3934846767,
      -0.125540118337,
      0.0371134166247,
      0.0371134166247,
      0.0,
      0.0,
      0.0,
      0.00143460718451,
      -0.000314214415228,
      0.000495142559414,
      0.0,
      0.0
    ],
    "O3pl1*O3pl1": [
      0.00251751885537,
      277.854381036,
      0.128368415628,
      0.0,
      0.0,
      -0.00499218535013,
      0.0,
      0.0,
      0.0,
      0.0,
      0.0,
      0.0,
      6.94762720445e-06
    ],
    "O3pl1*O3pl2": [
      0.00259637546101,
      2.49555508445,
      -0.0813243505245,
      -0.0813243505245,
      0.0,
      0.00316266450209,
      0.00316266450209,
      0.0,
      0.0,
      0.0,
      0.0,
      0.0,
      1.38952544088e-05
    ],
    "O3pl1*O3pl3": [
      -0.000947592754752,
      -134.155562138,
      0.0,
      0.0,
      -0.0813243505245,
      0.0,
      0.0,
      0.00316266450209,
      0.0,
      0.0,
      0.0,
      0.0,
      0.0
    ],
    "O3pl1*O3pq": [
      -0.00622903326874,
      -180.786969353,
      -0.251080236675,
      0.0742268332493,
      0.0742268332493,
      0.0,
      0.0,
      0.0,
      -0.000806178354054,
      -0.000628428830456,
      0.0,
      0.0,
      0.0
    ],
    "O3pl1*Oll1221": [
      -0.00354396821576,
      -136.651117222,
      0.0813243505245,
      0.0,
      0.0,
      -0.00316266450209,
      0.0,
      0.0,
      0.0,
      0.0,
      0.0,
      0.0,
      -1.38952544088e-05
    ],
    "O3pl1*OpD": [
      0.000797335090953,
      441.169173649,
      -0.24384334042,
      0.00868819554007,
      0.00868819554007,
      -0.0103128278665,
      0.00551434448995,
      0.00551434448995,
      -3.23198410084e-05,
      4.84797615127e-05,
      0.000431659229494,
      0.00234568260707,
      2.42274258099e-05
    ],
    "O3pl1*OpQM": [
      -0.00155725831718,
      -45.1967423384,
      -0.0627700591687,
      0.0185567083123,
      0.0185567083123,
      0.0,
      0.0,
      0.0,
      0.000717303592255,
      -0.000157107207614,
      0.000247571279707,
      0.0,
      0.0
    ],
    "O3pl1*OpWB": [
      -0.00104386145671,
      399.320239757,
      -0.217609604436,
      0.00930516759894,
      0.00930516759894,
      -0.0127387963164,
      0.00590593287646,
      0.00590593287646,
      -3.46149595699e-05,
      5.19224393548e-05,
      0.000462312508685,
      0.00251225581791,
      5.18957605437e-05
    ],
    "O3pl1*Opdi": [
      0.000815215110342,
      23.6602154478,
      0.0328597382635,
      -0.00971432218244,
      -0.00971432218244,
      0.0,
      0.0,
      0.0,
      -5.4829768522e-05,
      8.22446527831e-05,
      0.00141876332834,
      0.0,
      0.0
    ],
    "O3pl1*Ope": [
      0.000271738370114,
      17.2259528086,
      -0.507810767452,
      0.0,
      0.0,
      -0.00215797801428,
      0.0,
      0.0,
      0.0,
      0.0,
      0.0,
      0.0,
      0.0
    ],
    "O3pl1*Opl1": [
      0.000271738370114,
      675.549708937,
      0.338061181781,
      0.0,
      0.0,
      -0.0131470352023,
      0.0,
      0.0,
      0.0,
      0.0,
      0.0,
      0.0,
      0.0
    ],
    "O3pl1*Opl2": [
      0.000271738370114,
      38.4713935541,
      0.0,
      -0.0813243505245,
      0.0,
      0.0,
      0.00316266450209,
      0.0,
      0.0,
      0.0,
      0.0,
      0.0,
      0.0
    ],
    "O3pl1*Opl3": [
      0.000271738370114,
      38.4713935541,
      0.0,
      0.0,
      -0.0813243505245,
      0.0,
      0.0,
      0.00316266450209,
      0.0,
      0.0,
      0.0,
      0.0,
      0.0
    ],
    "O3pl1*Opmu": [
      0.000271738370114,
      38.4713935541,
      0.0,
      0.0653955850976,
      0.0,
      0.0,
      0.0039330122389,
      0.0,
      0.0,
      0.0,
      0.0,
      0.0,
      0.0
    ],
    "O3pl1*OpqMi": [
      -0.000543476740228,
      -15.7734769652,
      -0.0219064921757,
      0.0064762147883,
      0.0064762147883,
      0.0,
      0.0,
      0.0,
      -7.0338231472e-05,
      -0.00081334083356,
      0.0,
      -0.00134532891952,
      0.0
    ],
    "O3pl1*Opta": [
      0.000271738370114,
      38.4713935541,
      0.0,
      0.0,
      0.0653955850976,
      0.0,
      0.0,
      0.0039330122389,
      0.0,
      0.0,
      0.0,
      0.0,
      0.0
    ],
    "O3pl1*Opui": [
      -0.00108695348046,
      -31.5469539304,
      -0.0438129843513,
      0.0129524295766,
      0.0129524295766,
      0.0,
      0.0,
      0.0,
      -0.000140676462944,
      0.000211014694416,
      0.0,
      -0.00318219168072,
      0.0
    ],
    "O3pl2*O3pQ3": [
      -0.00311451663437,
      40.5297576218,
      0.0371134166247,
      -0.125540118337,
      0.0371134166247,
      0.0,
      0.0,
      0.0,
      0.00143460718451,
      -0.000314214415228,
      0.000495142559414,
      0.0,
      0.0
    ],
    "O3pl2*O3pl2": [
      0.00251751885537,
      -53.8949319563,
      0.0,
      0.128368415628,
      0.0,
      0.0,
      -0.00499218535013,
      0.0,
      0.0,
      0.0,
      0.0,
      0.0,
      6.94762720445e-06
    ],
    "O3pl2*O3pl3": [
      -0.000947592754752,
      8.66277032897,
      0.0,
      0.0,
      -0.0813243505245,
      0.0,
      0.0,
      0.00316266450209,
      0.0,
      0.0,
      0.0,
      0.0,
      0.0
    ],
    "O3pl2*O3pq": [
      -0.00622903326874,
      81.0595152436,
      0.0742268332493,
      -0.251080236675,
      0.0742268332493,
      0.0,
      0.0,
      0.0,
      -0.000806178354054,
      -0.000628428830456,
      0.0,
      0.0,
      0.0
    ],
    "O3pl2*Oll1221": [
      -0.00354396821576,
      32.5875258458,
      0.0,
      0.0813243505245,
      0.0,
      0.0,
      -0.00316266450209,
      0.0,
      0.0,
      0.0,
      0.0,
      0.0,
      -1.38952544088e-05
    ],
    "O3pl2*OpD": [
      0.000797335090953,
      -20.4426073942,
      0.00868819554007,
      -0.24384334042,
      0.00868819554007,
      0.00551434448995,
      -0.0103128278665,
      0.00551434448995,
      -3.23198410084e-05,
      4.84797615127e-05,
      0.000431659229494,
      0.00234568260707,
      2.42274258099e-05
    ],
    "O3pl2*OpQM": [
      -0.00155725831718,
      20.2648788109,
      0.0185567083123,
      -0.0627700591687,
      0.0185567083123,
      0.0,
      0.0,
      0.0,
      0.000717303592255,
      -0.000157107207614,
      0.000247571279707,
      0.0,
      0.0
    ],
    "O3pl2*OpWB": [
      -0.00104386145671,
      -4.44346504047,
      0.00930516759894,
      -0.217609604436,
      0.00930516759894,
      0.00590593287646,
      -0.0127387963164,
      0.00590593287646,
      -3.46149595699e-05,
      5.19224393548e-05,
      0.000462312508685,
      0.00251225581791,
      5.18957605437e-05
    ],
    "O3pl2*Opdi": [
      0.000815215110342,
      -10.6085388876,
      -0.00971432218244,
      0.0328597382635,
      -0.00971432218244,
      0.0,
      0.0,
      0.0,
      -5.4829768522e-05,
      8.22446527831e-05,
      0.00141876332834,
      0.0,
      0.0
    ],
    "O3pl2*Ope": [
      0.000271738370114,
      -23.7296377574,
      0.0653955850976,
      0.0,
      0.0,
      0.0039330122389,
      0.0,
      0.0,
      0.0,
      0.0,
      0.0,
      0.0,
      0.0
    ],
    "O3pl2*Opl1": [
      0.000271738370114,
      23.9361135894,
      -0.0813243505245,
      0.0,
      0.0,
      0.00316266450209,
      0.0,
      0.0,
      0.0,
      0.0,
      0.0,
      0.0,
      0.0
    ],
    "O3pl2*Opl2": [
      0.000271738370114,
      -2.48419701191,
      0.0,
      0.338061181781,
      0.0,
      0.0,
      -0.0131470352023,
      0.0,
      0.0,
      0.0,
      0.0,
      0.0,
      0.0
    ],
    "O3pl2*Opl3": [
      0.000271738370114,
      -2.48419701191,
      0.0,
      0.0,
      -0.0813243505245,
      0.0,
      0.0,
      0.00316266450209,
      0.0,
      0.0,
      0.0,
      0.0,
      0.0
    ],
    "O3pl2*Opmu": [
      0.000271738370114,
      -2.48419701191,
      0.0,
      -0.507810767452,
      0.0,
      0.0,
      -0.00215797801428,
      0.0,
      0.0,
      0.0,
      0.0,
      0.0,
      0.0
    ],
    "O3pl2*OpqMi": [
      -0.000543476740228,
      7.0723592584,
      0.0064762147883,
      -0.0219064921757,
      0.0064762147883,
      0.0,
      0.0,
      0.0,
      -7.0338231472e-05,
      -0.00081334083356,
      0.0,
      -0.00134532891952,
      0.0
    ],
    "O3pl2*Opta": [
      0.000271738370114,
      -2.48419701191,
      0.0,
      0.0,
      0.0653955850976,
      0.0,
      0.0,
      0.0039330122389,
      0.0,
      0.0,
      0.0,
      0.0,
      0.0
    ],
    "O3pl2*Opui": [
      -0.00108695348046,
      14.1447185168,
      0.0129524295766,
      -0.0438129843513,
      0.0129524295766,
      0.0,
      0.0,
      0.0,
      -0.000140676462944,
      0.000211014694416,
      0.0,
      -0.00318219168072,
      0.0
    ],
    "O3pl3*O3pQ3": [
      0.0,
      70.4031251967,
      0.0,
      0.0,
      -0.162653534962,
      0.0,
      0.0,
      0.0,
      0.0,
      0.0,
      0.0,
      0.0,
      0.0
    ],
    "O3pl3*O3pl3": [
      0.00121933112487,
      -21.3074061105,
      0.0,
      0.0,
      0.209692766153,
      0.0,
      0.0,
      -0.00815484985222,
      0.0,
      0.0,
      0.0,
      0.0,
      0.0
    ],
    "O3pl3*O3pq": [
      0.0,
      140.806250393,
      0.0,
      0.0,
      -0.325307069924,
      0.0,
      0.0,
      0.0,
      0.0,
      0.0,
      0.0,
      0.0,
      0.0
    ],
    "O3pl3*Oll1221": [
      0.000947592754752,
      32.5875258458,
      0.0,
      0.0,
      0.0813243505245,
      0.0,
      0.0,
      -0.00316266450209,
      0.0,
      0.0,
      0.0,
      0.0,
      0.0
    ],
    "O3pl3*OpD": [
      0.000473796377376,
      -23.9393267589,
      0.0,
      0.0,
      -0.25253153596,
      0.0,
      0.0,
      -0.0158271723564,
      0.0,
      0.0,
      0.0,
      0.0,
      0.0
    ],
    "O3pl3*OpQM": [
      0.0,
      35.2015625983,
      0.0,
      0.0,
      -0.081326767481,
      0.0,
      0.0,
      0.0,
      0.0,
      0.0,
      0.0,
      0.0,
      0.0
    ],
    "O3pl3*OpWB": [
      0.00101488385682,
      -8.18849582225,
      0.0,
      0.0,
      -0.226914772035,
      0.0,
      0.0,
      -0.0186447291929,
      0.0,
      0.0,
      0.0,
      0.0,
      0.0
    ],
    "O3pl3*Opdi": [
      0.0,
      -18.427800591,
      0.0,
      0.0,
      0.0425740604459,
      0.0,
      0.0,
      0.0,
      0.0,
      0.0,
      0.0,
      0.0,
      0.0
    ],
    "O3pl3*Ope": [
      0.0,
      103.015693213,
      0.0,
      0.0,
      0.0,
      0.0,
      0.0,
      0.0,
      0.0,
      0.0,
      0.0,
      0.0,
      0.0
    ],
    "O3pl3*Opl1": [
      0.0,
      -154.647557831,
      0.0,
      0.0,
      0.0,
      0.0,
      0.0,
      0.0,
      0.0,
      0.0,
      0.0,
      0.0,
      0.0
    ],
    "O3pl3*Opl2": [
      0.0,
      -11.829225364,
      0.0,
      0.0,
      0.0,
      0.0,
      0.0,
      0.0,
      0.0,
      0.0,
      0.0,
      0.0,
      0.0
    ],
    "O3pl3*Opl3": [
      0.0,
      -11.829225364,
      0.0,
      0.0,
      0.419385532305,
      0.0,
      0.0,
      -0.0163096997044,
      0.0,
      0.0,
      0.0,
      0.0,
      0.0
    ],
    "O3pl3*Opmu": [
      0.0,
      -11.829225364,
      0.0,
      0.0,
      0.0,
      0.0,
      0.0,
      0.0,
      0.0,
      0.0,
      0.0,
      0.0,
      0.0
    ],
    "O3pl3*OpqMi": [
      0.0,
      12.285200394,
      0.0,
      0.0,
      -0.028382706964,
      0.0,
      0.0,
      0.0,
      0.0,
      0.0,
      0.0,
      0.0,
      0.0
    ],
    "O3pl3*Opta": [
      0.0,
      -11.829225364,
      0.0,
      0.0,
      -0.573206352549,
      0.0,
      0.0,
      -0.00609099025318,
      0.0,
      0.0,
      0.0,
      0.0,
      0.0
    ],
    "O3pl3*Opui": [
      0.0,
      24.570400788,
      0.0,
      0.0,
      -0.0567654139279,
      0.0,
      0.0,
      0.0,
      0.0,
      0.0,
      0.0,
      0.0,
      0.0
    ],
    "O3pq*O3pQ3": [
      0.0,
      34.3541864308,
      0.0,
      0.0,
      0.0,
      0.0,
      0.0,
      0.0,
      -0.00412619465663,
      0.00251379002935,
      0.0,
      0.0,
      0.0
    ],
    "O3pq*O3pq": [
      0.0146319734984,
      -105.990648411,
      0.174358525652,
      0.174358525652,
      0.174358525652,
      0.0,
      0.0,
      0.0,
      0.00133109962058,
      0.00103761329435,
      0.0,
      0.0,
      0.0
    ],
    "O3pq*Oll1221": [
      0.00622903326874,
      59.7467351498,
      -0.0742268332493,
      -0.0742268332493,
      -0.0742268332493,
      0.0,
      0.0,
      0.0,
      0.000806178354054,
      0.000628428830456,
      0.0,
      0.0,
      0.0
    ],
    "O3pq*OpD": [
      0.000675854384638,
      -63.6556795723,
      0.0327634087455,
      0.0327634087455,
      0.0327634087455,
      0.0,
      0.0,
      0.0,
      0.000150901027925,
      -0.000177073373964,
      0.0,
      0.0,
      0.0
    ],
    "O3pq*OpQM": [
      0.0,
      17.1770932154,
      0.0,
      0.0,
      0.0,
      0.0,
      0.0,
      0.0,
      -0.00206309732832,
      0.00125689501467,
      0.0,
      0.0,
      0.0
    ],
    "O3pq*OpWB": [
      0.00405953542728,
      -36.1812845447,
      -0.0046589136013,
      -0.0046589136013,
      -0.0046589136013,
      0.0,
      0.0,
      0.0,
      0.000593330534686,
      0.000146879794287,
      0.0,
      0.0,
      0.0
    ],
    "O3pq*Opdi": [
      0.0,
      -8.99210220064,
      0.0,
      0.0,
      0.0,
      0.0,
      0.0,
      0.0,
      -0.000202716339286,
      -0.000657976776728,
      0.0,
      0.0,
      0.0
    ],
    "O3pq*Ope": [
      0.0,
      170.180778919,
      0.261590114607,
      0.0,
      0.0,
      0.0,
      0.0,
      0.0,
      0.0,
      0.0,
      0.0,
      0.0,
      0.0
    ],
    "O3pq*Opl1": [
      0.0,
      -302.225076341,
      -0.325307069924,
      0.0,
      0.0,
      0.0,
      0.0,
      0.0,
      0.0,
      0.0,
      0.0,
      0.0,
      0.0
    ],
    "O3pq*Opl2": [
      0.0,
      -40.3785917441,
      0.0,
      -0.325307069924,
      0.0,
      0.0,
      0.0,
      0.0,
      0.0,
      0.0,
      0.0,
      0.0,
      0.0
    ],
    "O3pq*Opl3": [
      0.0,
      -40.3785917441,
      0.0,
      0.0,
      -0.325307069924,
      0.0,
      0.0,
      0.0,
      0.0,
      0.0,
      0.0,
      0.0,
      0.0
    ],
    "O3pq*Opmu": [
      0.0,
      -40.3785917441,
      0.0,
      0.261590114607,
      0.0,
      0.0,
      0.0,
      0.0,
      0.0,
      0.0,
      0.0,
      0.0,
      0.0
    ],
    "O3pq*OpqMi": [
      0.0146319734984,
      -134.350100042,
      0.174358525652,
      0.174358525652,
      0.174358525652,
      0.0,
      0.0,
      0.0,
      -0.00133098705862,
      0.00199660888132,
      0.0,
      0.0,
      0.0
    ],
    "O3pq*Opta": [
      0.0,
      -40.3785917441,
      0.0,
      0.0,
      0.261590114607,
      0.0,
      0.0,
      0.0,
      0.0,
      0.0,
      0.0,
      0.0,
      0.0
    ],
    "O3pq*Opui": [
      0.0,
      11.9894696009,
      0.0,
      0.0,
      0.0,
      0.0,
      0.0,
      0.0,
      0.00112544515074,
      -0.000405432678573,
      0.0,
      0.0,
      0.0
    ],
    "Oll1221*Oll1221": [
      0.00224578048525,
      0.0,
      0.0,
      0.0,
      0.0,
      0.0,
      0.0,
      0.0,
      0.0,
      0.0,
      0.0,
      0.0,
      6.94762720445e-06
    ],
    "Oll1221*OpD": [
      -0.000323538713577,
      -3.49671936478,
      -0.00868819554007,
      -0.00868819554007,
      -0.00868819554007,
      -0.00551434448995,
      -0.00551434448995,
      -0.00551434448995,
      3.23198410084e-05,
      -4.84797615127e-05,
      -0.000431659229494,
      -0.00234568260707,
      -2.42274258099e-05
    ],
    "Oll1221*OpQM": [
      0.00155725831718,
      14.9366837875,
      -0.0185567083123,
      -0.0185567083123,
      -0.0185567083123,
      0.0,
      0.0,
      0.0,
      -0.000717303592255,
      0.000157107207614,
      -0.000247571279707,
      0.0,
      0.0
    ],
    "Oll1221*OpWB": [
      0.00205874531353,
      -3.74503078179,
      -0.00930516759894,
      -0.00930516759894,
      -0.00930516759894,
      -0.00590593287646,
      -0.00590593287646,
      -0.00590593287646,
      3.46149595699e-05,
      -5.19224393548e-05,
      -0.000462312508685,
      -0.00251225581791,
      -5.18957605437e-05
    ],
    "Oll1221*Opdi": [
      -0.000815215110342,
      -7.81926170344,
      0.00971432218244,
      0.00971432218244,
      0.00971432218244,
      0.0,
      0.0,
      0.0,
      5.4829768522e-05,
      -8.22446527831e-05,
      -0.00141876332834,
      0.0,
      0.0
    ],
    "Oll1221*Ope": [
      -0.000271738370114,
      126.745330971,
      -0.0653955850976,
      0.0,
      0.0,
      -0.0039330122389,
      0.0,
      0.0,
      0.0,
      0.0,
      0.0,
      0.0,
      0.0
    ],
    "Oll1221*Opl1": [
      -0.000271738370114,
      -178.58367142,
      0.0813243505245,
      0.0,
      0.0,
      -0.00316266450209,
      0.0,
      0.0,
      0.0,
      0.0,
      0.0,
      0.0,
      0.0
    ],
    "Oll1221*Opl2": [
      -0.000271738370114,
      -9.34502835208,
      0.0,
      0.0813243505245,
      0.0,
      0.0,
      -0.00316266450209,
      0.0,
      0.0,
      0.0,
      0.0,
      0.0,
      0.0
    ],
    "Oll1221*Opl3": [
      -0.000271738370114,
      -9.34502835208,
      0.0,
      0.0,
      0.0813243505245,
      0.0,
      0.0,
      -0.00316266450209,
      0.0,
      0.0,
      0.0,
      0.0,
      0.0
    ],
    "Oll1221*Opmu": [
      -0.000271738370114,
      -9.34502835208,
      0.0,
      -0.0653955850976,
      0.0,
      0.0,
      -0.0039330122389,
      0.0,
      0.0,
      0.0,
      0.0,
      0.0,
      0.0
    ],
    "Oll1221*OpqMi": [
      0.000543476740228,
      5.21284113563,
      -0.0064762147883,
      -0.0064762147883,
      -0.0064762147883,
      0.0,
      0.0,
      0.0,
      7.0338231472e-05,
      0.00081334083356,
      0.0,
      0.00134532891952,
      0.0
    ],
    "Oll1221*Opta": [
      -0.000271738370114,
      -9.34502835208,
      0.0,
      0.0,
      -0.0653955850976,
      0.0,
      0.0,
      -0.0039330122389,
      0.0,
      0.0,
      0.0,
      0.0,
      0.0
    ],
    "Oll1221*Opui": [
      0.00108695348046,
      10.4256822713,
      -0.0129524295766,
      -0.0129524295766,
      -0.0129524295766,
      0.0,
      0.0,
      0.0,
      0.000140676462944,
      -0.000211014694416,
      0.0,
