6.115108346013554	-21.494592	-68.31004238619624	900.9849871698113	44.84733011108347	-894.3239017352952
-21.494592	760.32648	3531.197592	-3253.2246	-77.5504799971912	3229.3749599981384
-68.31004238619624	3531.197592	261400.83488925284	-10549.61792490566	-100.86360860653473	10418.648755925331
900.9849871698113	-3253.2246	-10549.61792490566	134112.45166981133	5346.000713207547	-133137.49333584905
44.84733011108347	-77.5504799971912	-100.86360860653473	5346.000713207547	1598.475355471698	-5290.4172905648
-894.3239017352952	3229.3749599981384	10418.648755925331	-133137.49333584905	-5290.4172905648	132055.00138867926