44.157673359840956	-75.67127355864811	-20.765686044005246	98.60693081510935	328.0037296222664	-47.95784015904572
-75.67127355864811	171.91272524850893	13.060051371769383	-77.80921192842942	-653.8977017892644	-9.216758648111332
-20.765686044005246	13.060051371769383	231.856401972167	-218.14998584493043	17.618246123260437	194.12667626242543
98.60693081510935	-77.80921192842942	-218.14998584493043	633.8489725646124	319.64768588469184	-519.681184890656
328.0037296222664	-653.8977017892644	17.618246123260437	319.64768588469184	2850.1178528827036	57.30162226640159
-47.95784015904572	-9.216758648111332	194.12667626242543	-519.681184890656	57.30162226640159	331.00320095427435