7.941512475895589	-29.877200794474565	-98.57543674801519	2676.4555235681773	85.54469229219767	-2669.052887369504
-29.877200794474565	2493.6515215358554	11347.263837320152	-10404.13953811406	-22.268148623662345	10374.878713011993
-98.57543674801519	11347.263837320152	1.892969908347644e6	-34457.12801768719	-312.31139745056606	34002.999336770015
2676.4555235681773	-10404.13953811406	-34457.12801768719	907222.7300818746	25552.831482213438	-903699.8807346132
85.54469229219767	-22.268148623662345	-312.31139745056606	25552.831482213438	4198.062557312253	-25487.998505930944
-2669.052887369504	10374.878713011993	34002.999336770015	-903699.8807346132	-25487.998505930944	900185.6579760814