33.1244	-4.11508	1461.73	-1470.98	-96.827	-2280.48	-709.136	-613.522
-4.11508	59.65	2529.68	-2568.26	-1133.73	-1141.55	-278.21	-4235.78
1461.73	2529.68	224734	-224120	-76415	-190347	-65862	-246868
-1470.98	-2568.26	-224120	223852	75774.8	190155	64846.6	248120
-96.827	-1133.73	-76415	75774.8	35866.4	50918	18287.6	96674.6
-2280.48	-1141.55	-190347	190155	50918	212032	68986	160231
-709.136	-278.21	-65862	64846.6	18287.6	68986	28724.2	53863
-613.522	-4235.78	-246868	248120	96674.6	160231	53863	343200
