2.87239241198166	-23.19430296469673	-3.7039140598655425	751.4902978423798	3244.0924171423676	-748.02960589289
-23.19430296469673	4026.6264374237103	-1370.5230200231144	-1776.5982600936964	-30491.028290083756	1729.2374938543342
-3.7039140598655425	-1370.5230200231144	372166.6815051784	-4086.5714844649024	-890.124752589183	3953.3181688388217
751.4902978423798	-1776.5982600936964	-4086.5714844649024	306411.0255466053	740461.6957422325	-305543.2737335015
3244.0924171423676	-30491.028290083756	-890.124752589183	740461.6957422325	3.7769773173762946e6	-736519.669444476
-748.02960589289	1729.2374938543342	3953.3181688388217	-305543.2737335015	-736519.669444476	305033.47657351283