620.6686020576308	125.60854208407397	-410.78450306755576	1486.5674140978413	999.8344617118463	-779.6993540040004
125.60854208407397	171.22744567623965	-163.99944151330095	793.1901941683622	-291.5331689896736	-648.0210253919605
-410.78450306755576	-163.99944151330095	1363.7360209654287	-1736.864331099253	88.30523524667811	1267.219433411854
1486.5674140978413	793.1901941683622	-1736.864331099253	5695.7487288281745	268.09342585810924	-4002.775984074961
999.8344617118463	-291.5331689896736	88.30523524667811	268.09342585810924	3739.3098674921807	876.9453461059454
-779.6993540040004	-648.0210253919605	1267.219433411854	-4002.775984074961	876.9453461059454	1039.129840857349