5.8215719364936245	-44.46831122645638	-3.7435224492332417	365.7411734693878	1660.1142857142856	-358.7902934695977
-44.46831122645638	2162.971863745498	-581.7922725090036	-807.1338835534214	-14661.567226890757	753.4960012004802
-3.7435224492332417	-581.7922725090036	45413.68777498199	-1709.0917671068428	461.6995462184874	1719.2487224019492
365.7411734693878	-807.1338835534214	-1709.0917671068428	39267.1712484994	88103.26890756302	-38785.75171908763
1660.1142857142856	-14661.567226890757	461.6995462184874	88103.26890756302	489811.76470588235	-86116.25949579832
-358.7902934695977	753.4960012004802	1719.2487224019492	-38785.75171908763	-86116.25949579832	38395.09761320528