35.90999999845891	-160.03656000206675	-24.947136001794618	338.74956	1049.50296	-297.44193599972976
-160.03656000206675	1213.976592	-27.35182079815835	-741.047832	-5449.568112	556.8041952
-24.947136001794618	-27.35182079815835	5127.56116992	-1427.4652032	460.9778688	1400.5108915202707
338.74956	-741.047832	-1427.4652032	6924.804372	6187.999752	-6530.4157392
1049.50296	-5449.568112	460.9778688	6187.999752	34385.882832	-4979.2599072
-297.44193599972976	556.8041952	1400.5108915202707	-6530.4157392	-4979.2599072	6192.09410112