51.985502324682955	-241.10450922874094	-12.561539535266974	124.40399950405117	1035.7956560646012	-64.63621394230078
-241.10450922874094	1632.457554383652	133.93189815425183	-166.4963810151615	-5215.352392880685	-109.58544462755438
-12.561539535266974	133.93189815425183	1960.0618020929467	-702.0010500988793	418.49623121292024	687.7008872118207
124.40399950405117	-166.4963810151615	-702.0010500988793	1917.5353724456163	859.8132646671062	-1777.148997033619
1035.7956560646012	-5215.352392880685	418.49623121292024	859.8132646671062	22269.202786750164	329.0135636123929
-64.63621394230078	-109.58544462755438	687.7008872118207	-1777.148997033619	329.0135636123929	1700.0982836519447