105.9410418972332	-689.7933106719368	-1.8141075890775378	270.97601264396013	3823.7137470355733	-149.43459699984336
-689.7933106719368	8005.429522529645	277.2052626920479	-64.71727114624505	-26591.2005770751	-727.76616189184
-1.8141075890775378	277.2052626920479	7164.03743135582	-1815.7844105935278	1749.3189118527548	1810.4072079882826
270.97601264396013	-64.71727114624505	-1815.7844105935278	5467.908350988142	5012.860980237154	-5155.633206638361
3823.7137470355733	-26591.2005770751	1749.3189118527548	5012.860980237154	142737.11039525692	-632.0386671936759
-149.43459699984336	-727.76616189184	1810.4072079882826	-5155.633206638361	-632.0386671936759	4993.935625422925