36.37165242730843	-355.6976922279793	-9.397220467116878	632.8120383419689	4991.19481865285	-591.1264602253556
-355.6976922279793	12887.500467357513	1379.1892747143474	13.35559896373057	-55006.34623834197	-423.41745263804717
-9.397220467116878	1379.1892747143474	73456.39468343	-5084.532982070446	3629.5947233284046	5056.442826705572
632.8120383419689	13.35559896373057	-5084.532982070446	35745.103501554404	62175.603357512955	-35022.53992103128
4991.19481865285	-55006.34623834197	3629.5947233284046	62175.603357512955	709826.4522279793	-56481.45343834197
-591.1264602253556	-423.41745263804717	5056.442826705572	-35022.53992103128	-56481.45343834197	34346.51294735802