10.343161491660995	-31.965626567383428	-110.56741737483557	13868.325137091775	542.4011093315586	-13853.037384072508
-31.965626567383428	7721.405805701633	21851.550975477978	-44571.202435649044	-109.16638804317742	44584.33855964832
-110.56741737483557	21851.550975477978	1.722379165016722e7	-159764.18059242092	2970.428173811266	155242.70347348324
13868.325137091775	-44571.202435649044	-159764.18059242092	1.8621211137558814e7	699950.3016883476	-1.860677318819817e7
542.4011093315586	-109.16638804317742	2970.428173811266	699950.3016883476	55761.03670080266	-699575.0108652089
-13853.037384072508	44584.33855964832	155242.70347348324	-1.860677318819817e7	-699575.0108652089	1.856964860095008e7