19.645299569480887	-41.23366992991784	-7.492284287095215	33.42471655389077	156.45896969550506	-10.914345587335417
-41.23366992991784	116.2366754942001	10.757511147897535	-19.742372921964943	-379.10888438859354	-27.568975606573225
-7.492284287095215	10.757511147897535	180.03737322861286	-116.36225299661672	43.536951909466126	107.5620829674565
33.42471655389077	-19.742372921964943	-116.36225299661672	280.5866719429676	42.979739246012564	-242.10622431126149
156.45896969550506	-379.10888438859354	43.536951909466126	42.979739246012564	1468.328145964234	136.114224359594
-10.914345587335417	-27.568975606573225	107.5620829674565	-242.10622431126149	136.114224359594	230.31058697921702