3.8657447867628054	-15.4183863893246	-50.86896048977073	5213.70929050612	167.39724877608268	-5207.432869968743
-15.4183863893246	5152.440796173045	23543.550366888518	-21468.912529118137	0.28874275976176567	21509.5368728768
-50.86896048977073	23543.550366888518	1.5380273902739601e7	-76006.92144758736	-1048.2828169717138	73968.26350882085
5213.70929050612	-21468.912529118137	-76006.92144758736	7.055085902495841e6	205390.09347753745	-7.053235180532446e6
167.39724877608268	0.28874275976176567	-1048.2828169717138	205390.09347753745	27956.358778702164	-205166.036875208
-5207.432869968743	21509.5368728768	73968.26350882085	-7.053235180532446e6	-205166.036875208	7.042871953366919e6