106.5129312403072	-137.75617485092238	-520.4007583497053	2299.7199607072694	78.23857367387033	-2179.377300589391
-137.75617485092238	465.0200982318271	1983.8851001964636	-3034.19952848723	-49.347884086444004	2872.1556070726915
-520.4007583497053	1983.8851001964636	28653.461922200393	-11816.682719056975	176.19029823182711	11194.434799214145
2299.7199607072694	-3034.19952848723	-11816.682719056975	49979.2342632613	1434.8837563850689	-47387.293886051084
78.23857367387033	-49.347884086444004	176.19029823182711	1434.8837563850689	314.02335677799607	-1343.250063654224
-2179.377300589391	2872.1556070726915	11194.434799214145	-47387.293886051084	-1343.250063654224	44831.08797170923