1.9034018594618745	-19.716361487010477	-1.6332127155045335	117.27667496802641	545.2546191297564	-115.04824156267098
-19.716361487010477	1337.1194981734077	348.0506048479823	-134.47185703491468	-6733.4163366690145	112.54802011658933
-1.6332127155045335	348.0506048479823	36287.99989651278	-1060.8601222321709	519.3142855531734	1055.5597785119946
117.27667496802641	-134.47185703491468	-1060.8601222321709	16064.63863693618	24745.6804912428	-15939.770816098848
545.2546191297564	-6733.4163366690145	519.3142855531734	24745.6804912428	164921.01148632437	-24123.5232128119
-115.04824156267098	112.54802011658933	1055.5597785119946	-15939.770816098848	-24123.5232128119	15798.535559049757