35.338491929887816	-121.59503365372508	-408.0777103378804	5352.1900386988455	109.61836990454991	-5313.853836490756
-121.59503365372508	4614.636765078699	20702.738520377756	-18836.100445750264	23.98780408073361	18710.70196079748
-408.0777103378804	20702.738520377756	1.5875850860658132e6	-62443.36005960126	-365.9959484606887	62541.77462783285
5352.1900386988455	-18836.100445750264	-62443.36005960126	813748.5263294858	14719.516779853095	-807619.297636936
109.61836990454991	23.98780408073361	-365.9959484606887	14719.516779853095	2240.9661199580273	-14593.973953405188
-5313.853836490756	18710.70196079748	62541.77462783285	-807619.297636936	-14593.973953405188	801188.0454054145