32.32767399278559	-59.74346203603213	-180.92933136418003	1167.8112437594964	82.88796752767527	-1130.9466930149772
-59.74346203603213	349.04373952680703	1246.997889298893	-2214.5424614716735	-96.75357343173432	2144.322282092468
-180.92933136418003	1246.997889298893	29656.691202952028	-7297.412546125462	291.24595128998766	7083.944129889299
1167.8112437594964	-2214.5424614716735	-7297.412546125462	42702.28573909269	2472.3870110701105	-41406.68379422618
82.88796752767527	-96.75357343173432	291.24595128998766	2472.3870110701105	734.6690036900369	-2375.896543173432
-1130.9466930149772	2144.322282092468	7083.944129889299	-41406.68379422618	-2375.896543173432	40044.10472689386