222.15625293500653	-392.66452833723656	-1378.0023007025761	8447.428159250585	156.55800393442624	-8185.081944730679
-392.66452833723656	2523.8140103044498	9836.627454800937	-15171.876421545667	-15.602706885245901	14733.281288992974
-1378.0023007025761	9836.627454800937	222604.9226641686	-53913.24387822014	698.6270006478542	52169.70401873536
8447.428159250585	-15171.876421545667	-53913.24387822014	321107.67906323186	5555.750518032787	-311626.7349133489
156.55800393442624	-15.602706885245901	698.6270006478542	5555.750518032787	504.7896523258521	-5374.503784918033
-8185.081944730679	14733.281288992974	52169.70401873536	-311626.7349133489	-5374.503784918033	302152.1926594848