1444.8016246767893	481.6584674323322	-956.9612257677313	3959.8666674303504	1831.6132521338523	-2288.467077584669
481.6584674323322	346.52025914613625	-427.893676822155	2039.0378290403114	-111.25371984965686	-1484.6230633542925
-956.9612257677313	-427.893676822155	1985.4715132583942	-3713.6846187088386	-126.39377260623105	2600.901455807392
3959.8666674303504	2039.0378290403114	-3713.6846187088386	14375.188559290273	1503.471054592996	-9845.44408601596
1831.6132521338523	-111.25371984965686	-126.39377260623105	1503.471054592996	603539.787130123	607.4947656505836
-2288.467077584669	-1484.6230633542925	2600.901455807392	-9845.44408601596	607.4947656505836	7036.672039844358