273.46920954783474	-127.30415935792735	-1010.3794754294565	2598.680629540974	43.13851957054351	-2287.3628116305267
-127.30415935792735	247.54247584849338	1696.228177316249	-1180.1621691636158	-54.722659683751054	1033.2775912525688
-1010.3794754294565	1696.228177316249	17527.440562869615	-9760.252734441003	-6.551272129189605	8610.268291157421
2598.680629540974	-1180.1621691636158	-9760.252734441003	24961.55227400732	167.56086555601954	-21996.034676992396
43.13851957054351	-54.722659683751054	-6.551272129189605	167.56086555601954	249.3638133696142	-118.30385884404006
-2287.3628116305267	1033.2775912525688	8610.268291157421	-21996.034676992396	-118.30385884404006	19420.965127738666