223.0527788644611   45.1405698114641    -147.6256807899028  534.2351644414117   359.3155096776948   -280.2044553451876  
45.1405698114641    61.5348632898986    -58.9372992938425   285.0527260292552   -104.7697326056639  -232.8825560002358  
-147.6256807899028  -58.9372992938425   490.0926325344510   -624.1856189887941  31.7346939167749    455.4069838823851   
534.2351644414117   285.0527260292552   -624.1856189887941  2046.9096994226254  96.3460749177580    -1438.4976192769393 
359.3155096776948   -104.7697326056639  31.7346939167749    96.3460749177580    1343.8144836300025  315.1522337568242   
-280.2044553451876  -232.8825560002358  455.4069838823851   -1438.4976192769393 315.1522337568242   373.4372865581100   
