15.831158332441609	-42.30863645964888	-122.33101444613014	2316.1115675675674	135.0411479115479	-2298.0867372951075
-42.30863645964888	1057.887183095823	3277.0262423587224	-6442.474378378379	-95.38379557844955	6408.588064863511
-122.33101444613014	3277.0262423587224	294069.71319036855	-19840.69362162162	858.430631941032	19589.00489513442
2316.1115675675674	-6442.474378378379	-19840.69362162162	340144.7351351351	18222.49945945946	-337706.1145945946
135.0411479115479	-95.38379557844955	858.430631941032	18222.49945945946	2680.665434889435	-18067.59282162162
-2298.0867372951075	6408.588064863511	19589.00489513442	-337706.1145945946	-18067.59282162162	335088.2974962162